dataset_name,random_state,# empty regions,# homogeneous regions,$\gamma_{opt}$ [CV],$\sigma_{opt}$ [CV],$\gamma_{opt}$ [Silhouette],$\sigma_{opt}$ [Silhouette],$\gamma_{opt}$ [Calinski-Harabasz],$\sigma_{opt}$ [Calinski-Harabasz],$\gamma_{opt}$ [Davies-Bouldin],$\sigma_{opt}$ [Davies-Bouldin],$\gamma_{opt}$ [Dunn],$\sigma_{opt}$ [Dunn],$k_{opt}$ [CV],$k_{opt}$ [Silhouette],$k_{opt}$ [Calinski-Harabasz],$k_{opt}$ [Davies-Bouldin],$k_{opt}$ [Dunn],cv_score [Silhouette],cv_score [Calinski-Harabasz],cv_score [Davies-Bouldin],cv_score [Dunn],eigenvalues,eigenvalues_dtype,cm_tr,cm_ts
wf4f,1545156723,0,0,10000.0,0.31622776601683794,10000.0,0.31622776601683794,10000.0,0.31622776601683794,10000.0,0.31622776601683794,10000.0,0.31622776601683794,2,2,5,42,50,0.9515344130155248,0.9465318527869715,0.9506113650096352,0.9503121148711096,"b'q\xbd(\xfc\x18\x99\x94@\x00\x00\x00\x00\x00\x00\x00\x00\xa0\xea\xf9\x1f~\xf9t@\x00\x00\x00\x00\x00\x00\x00\x00\xbd\xc9Z\x83O\xe6p@\x00\x00\x00\x00\x00\x00\x00\x002q\xefGF\xbdZ@\x00\x00\x00\x00\x00\x00\x00\x00\x93:U\x12o\x9cT@\x00\x00\x00\x00\x00\x00\x00\x00\x12\xb9\xf2\xaa\x9clI@\x00\x00\x00\x00\x00\x00\x00\x00]\xeb\x05\xb25\xd3B@\x00\x00\x00\x00\x00\x00\x00\x00\xb66\x15|Z\'=@\x00\x00\x00\x00\x00\x00\x00\x00\xb9 \xe8\xdf{\xa38@\x00\x00\x00\x00\x00\x00\x00\x00\xa5\x13G\xa1D\xc43@\x00\x00\x00\x00\x00\x00\x00\x00\xf5\xc5<3\xa4 +@\x00\x00\x00\x00\x00\x00\x00\x00\xb25rl\xb6\x1b""@\x00\x00\x00\x00\x00\x00\x00\x00\xd5\xae\xa4%rE\x1c@\x00\x00\x00\x00\x00\x00\x00\x00\xe3\x18B\xcb\x81\xa2\x17@\x00\x00\x00\x00\x00\x00\x00\x00SA\xc5\xb5 \x8d\x16@\x00\x00\x00\x00\x00\x00\x00\x00\xbb\xe3\xe8\xab+\xab\x13@\x00\x00\x00\x00\x00\x00\x00\x00!\xa1\x8f|\xc8|\x12@\x00\x00\x00\x00\x00\x00\x00\x00\xba&O\xd0\x8e\x13\t@\x00\x00\x00\x00\x00\x00\x00\x00\x0f\x9f\xfc1\xdaq\x06@\x00\x00\x00\x00\x00\x00\x00\x00\xa1^\xb2\x96h,\x05@\x00\x00\x00\x00\x00\x00\x00\x00\xced\x97\x05T\x18\x02@\x00\x00\x00\x00\x00\x00\x00\x00\r\x0f0\xbc\xfcI\xfe?\x00\x00\x00\x00\x00\x00\x00\x00\xea\xf7\x1ey\x918\xfa?\x00\x00\x00\x00\x00\x00\x00\x00\xad\xb8\xd1\xaa\xed]\xf9?\x00\x00\x00\x00\x00\x00\x00\x00\x1e\xc4o\xfd\xc5\xe6\xf0?\x00\x00\x00\x00\x00\x00\x00\x00]OL!R\x82\xee?\x00\x00\x00\x00\x00\x00\x00\x00\x19\x06\x9e\xcd\xce\x13\xea?\x00\x00\x00\x00\x00\x00\x00\x00\xfc_\x18T)\xd8\xe7?\x00\x00\x00\x00\x00\x00\x00\x00\x1c!8SM\xc0\xe3?\x00\x00\x00\x00\x00\x00\x00\x00k\x9c[9\x981\xe2?\x00\x00\x00\x00\x00\x00\x00\x00P\x16\xe4)\x96+\xdf?\x00\x00\x00\x00\x00\x00\x00\x00\x02n\xb7\xea\xef\x00\xdd?\x00\x00\x00\x00\x00\x00\x00\x00u>\xc6\x01\xa4G\xd9?\x00\x00\x00\x00\x00\x00\x00\x008\xb6\xb5=Z\x03\xd7?\x00\x00\x00\x00\x00\x00\x00\x0099\x84\x14\x9f\xc9\xd4?\x00\x00\x00\x00\x00\x00\x00\x00\\\x1eC\x0b\x80*\xd2?\x00\x00\x00\x00\x00\x00\x00\x00[M+\x7fB\xd4\xce?\x00\x00\x00\x00\x00\x00\x00\x00\x84I\xe34\xac\x9c\xcb?\x00\x00\x00\x00\x00\x00\x00\x00\t""\xa7\x83\x16\xb2\xc8?\x00\x00\x00\x00\x00\x00\x00\x00\xcbQ\xfe\xa3\xb3\xef\xc7?\x00\x00\x00\x00\x00\x00\x00\x00\x902Zb\x15\x97\xc5?\x00\x00\x00\x00\x00\x00\x00\x00\xb5\xf9!vTF\xc1?\x00\x00\x00\x00\x00\x00\x00\x00\xc2\xa5\xdc\x127\x8b\xc0?\x00\x00\x00\x00\x00\x00\x00\x00&\x95\x95\x0b\\%\xb9?\x00\x00\x00\x00\x00\x00\x00\x00rZ\x15G\x85J\xb6?\x00\x00\x00\x00\x00\x00\x00\x00\x8d(\xa0\xa2\x94\n\xb5?\x00\x00\x00\x00\x00\x00\x00\x00\x87O\xf57\x8f\xd2\xb3?\x00\x00\x00\x00\x00\x00\x00\x00\x88?\x86\xad\x81)\xb2?\x00\x00\x00\x00\x00\x00\x00\x00J\xf1\xdev\x81\xc0\xb0?\x00\x00\x00\x00\x00\x00\x00\x00{\x1aD\xafl\x0e\xae?\x00\x00\x00\x00\x00\x00\x00\x00\xa7\xe0}h7\xea\xa8?\x00\x00\x00\x00\x00\x00\x00\x00b\xd0R\xfe\xce]\xa8?\x00\x00\x00\x00\x00\x00\x00\x00\'a\xe4\x85K/\xa6?\x00\x00\x00\x00\x00\x00\x00\x00\xb0-\xcb\xbf\xc7$\xa5?\x00\x00\x00\x00\x00\x00\x00\x00\r\xf1\xa7,^\xf2\xa2?\x00\x00\x00\x00\x00\x00\x00\x00\x15N\x13\xd7md\xa1?\x00\x00\x00\x00\x00\x00\x00\x00C3+G\x97W\xa0?\x00\x00\x00\x00\x00\x00\x00\x00\x8d\x88\x8b3:\xba\x9d?\x00\x00\x00\x00\x00\x00\x00\x006\xb4~\xdd\xf0q\x9c?\x00\x00\x00\x00\x00\x00\x00\x00\x11_*I\xbe\x11\x9b?\x00\x00\x00\x00\x00\x00\x00\x00\x15\xe5\xd7\xd8\xd4\'\x9a?\x00\x00\x00\x00\x00\x00\x00\x00\x90\x0c\xc8\xfah\xcf\x94?\x00\x00\x00\x00\x00\x00\x00\x00\x15m\x8d0\xde\xbe\x92?\x00\x00\x00\x00\x00\x00\x00\x00\xc6\xc3\xc7\xb3\xb4\xfe\x91?\x00\x00\x00\x00\x00\x00\x00\x00\xd2\xc1~\x7f@\xa7\x90?\x00\x00\x00\x00\x00\x00\x00\x00:\xd4\xbf\x01\xca\x81\x8e?\x00\x00\x00\x00\x00\x00\x00\x00m\x19\x82\x99\xec\xb8\x8b?\x00\x00\x00\x00\x00\x00\x00\x00\xb9Xc\x1fbp\x89?\x00\x00\x00\x00\x00\x00\x00\x00\xabhwH$\x02\x87?\x00\x00\x00\x00\x00\x00\x00\x00\xe2vp7\x1e?\x85?\x00\x00\x00\x00\x00\x00\x00\x00PO\xf2ga\x18\x85?\x00\x00\x00\x00\x00\x00\x00\x00\x99\x03\xaaK\x0f6\x83?\x00\x00\x00\x00\x00\x00\x00\x00N\xdd\x81~\xe0&\x83?\x00\x00\x00\x00\x00\x00\x00\x00\xc5\xce5\x0f\xc5P\x81?\x00\x00\x00\x00\x00\x00\x00\x00\x15\x0f6\xbf\xcb\x97\x7f?\x00\x00\x00\x00\x00\x00\x00\x00J\xc4W\xa5G\xdd|?\x00\x00\x00\x00\x00\x00\x00\x00XWJ\xa5\xd2_{?\x00\x00\x00\x00\x00\x00\x00\x00\xf1\x19R\t\x8fSz?\x00\x00\x00\x00\x00\x00\x00\x00\x82\xe5\xd4T\xa0Au?\x00\x00\x00\x00\x00\x00\x00\x00\x95\x9aD+\xb1\xdas?\x00\x00\x00\x00\x00\x00\x00\x00\xc9\xd4\x875.\xd3q?\x00\x00\x00\x00\x00\x00\x00\x00\xb7\x0f\x9c\xfb_\nq?\x00\x00\x00\x00\x00\x00\x00\x00n\x04mCT\xf9n?\x00\x00\x00\x00\x00\x00\x00\x00;\x05\x85d\xa3\tm?\x00\x00\x00\x00\x00\x00\x00\x00\xa7\xe9\xbcZ\x8a\x17j?\x00\x00\x00\x00\x00\x00\x00\x00e\xb6\xca\xdc\xcc\x8bi?\x00\x00\x00\x00\x00\x00\x00\x00J\x91\xd1\x87\xe7\x07h?\x00\x00\x00\x00\x00\x00\x00\x00\xb2\xfc\xe6)\x951g?\x00\x00\x00\x00\x00\x00\x00\x008\xc9\x17 kid?\x00\x00\x00\x00\x00\x00\x00\x00\xb8\xec\xf04\xd5\xa5c?\x00\x00\x00\x00\x00\x00\x00\x00Z\xaa\xa8e\x14\x05b?\x00\x00\x00\x00\x00\x00\x00\x00\xc33\xa4&\xb1\xdc`?\x00\x00\x00\x00\x00\x00\x00\x00\xb5G\x9b\xfb\xde\x9c`?\x00\x00\x00\x00\x00\x00\x00\x00\xad0r\xaa\x1f _?\x00\x00\x00\x00\x00\x00\x00\x00\x94(\x14\xd2v\x08^?\x00\x00\x00\x00\x00\x00\x00\x00\xf5\xdeL\x0c\xa2\x19]?\x00\x00\x00\x00\x00\x00\x00\x00\x8fS\x04\x0c\xfa\xa6Y?\x00\x00\x00\x00\x00\x00\x00\x00\x15\xa7\xaazm\x04X?\x00\x00\x00\x00\x00\x00\x00\x00\xbak\xa5^\x0e\x0fW?\x00\x00\x00\x00\x00\x00\x00\x00aiY\x0bNNT?\x00\x00\x00\x00\x00\x00\x00\x00]E\xc4&7\xc7R?\x00\x00\x00\x00\x00\x00\x00\x003_\xec\xfc\x94uR?\x00\x00\x00\x00\x00\x00\x00\x00\x03\x9eR\x08\x19\x1fQ?\x00\x00\x00\x00\x00\x00\x00\x00\x13\xb1\xf5\xf5_wO?\x00\x00\x00\x00\x00\x00\x00\x00\x1a\xd8s\xe4\xd3\xd3K?\x00\x00\x00\x00\x00\x00\x00\x00}S\x8d\xd55\x16K?\x00\x00\x00\x00\x00\x00\x00\x00_\x13\x85\xa4J*I?\x00\x00\x00\x00\x00\x00\x00\x00\x99f\r\xa1=\x91G?\x00\x00\x00\x00\x00\x00\x00\x00\xa1\x97*O\'\xc7F?\x00\x00\x00\x00\x00\x00\x00\x00e!\x9f\xcb\x9b\x1fE?\x00\x00\x00\x00\x00\x00\x00\x00c.R\xed\x08=D?\x00\x00\x00\x00\x00\x00\x00\x00\xc2\x9fx\xe8\x156B?\x00\x00\x00\x00\x00\x00\x00\x00\xbd\x7f-\x93\xdb\x1dA?\x00\x00\x00\x00\x00\x00\x00\x00\t\x9e;\x03\xc6i@?\x00\x00\x00\x00\x00\x00\x00\x00\x94\x10\xd2\x86\xf4[??\x00\x00\x00\x00\x00\x00\x00\x00\r\xf0W\xaa\x85\xc2>?\x00\x00\x00\x00\x00\x00\x00\x00s\xf9\xcf\x00\xdf\xc7:?\x00\x00\x00\x00\x00\x00\x00\x00\x85i\xfe\xa7\xe7\x809?\x00\x00\x00\x00\x00\x00\x00\x00\xef\x05\x92\xb8\xf3\xfb8?\x00\x00\x00\x00\x00\x00\x00\x00@4\t\x05RW7?\x00\x00\x00\x00\x00\x00\x00\x00\t\xa2\xd1+`\x986?\x00\x00\x00\x00\x00\x00\x00\x00\xbb\x1e\x8fL\xdb\x125?\x00\x00\x00\x00\x00\x00\x00\x00[rD\x97y93?\x00\x00\x00\x00\x00\x00\x00\x00\x00z-w\x9c\xda2?\x00\x00\x00\x00\x00\x00\x00\x00S\x9fQ\xd7\x91\x1b1?\x00\x00\x00\x00\x00\x00\x00\x00\xfa\x04\xd3\xa0z21?\x00\x00\x00\x00\x00\x00\x00\x00\x92\xa8+\xe5ex.?\x00\x00\x00\x00\x00\x00\x00\x00\x95\xb6\x17""\xd5=-?\x00\x00\x00\x00\x00\x00\x00\x00\xe0A_\x96\xc5\xc3+?\x00\x00\x00\x00\x00\x00\x00\x00}\xa8At\xc4\xb4(?\x00\x00\x00\x00\x00\x00\x00\x00Ey\xbc\x92PW(?\x00\x00\x00\x00\x00\x00\x00\x00\xc3\xa3\x17zk\xcc&?\x00\x00\x00\x00\x00\x00\x00\x00\xea\x86AeW\x97%?\x00\x00\x00\x00\x00\x00\x00\x00\xfd\xc2\x9b\x1c\xf0\xac$?\x00\x00\x00\x00\x00\x00\x00\x00y\xec:.\xf8\xd5""?\x00\x00\x00\x00\x00\x00\x00\x00\xe9|\x0b\xe8\x80z""?\x00\x00\x00\x00\x00\x00\x00\x00\xf9[\x19\x95\xb4h!?\x00\x00\x00\x00\x00\x00\x00\x00\xf4\x10\x1cV\x1a\x16 ?\x00\x00\x00\x00\x00\x00\x00\x00\x80\xea\xc9\x8f:\\\x1f?\x00\x00\x00\x00\x00\x00\x00\x00\xc7\xb2h\x87\xcfl\x1d?\x00\x00\x00\x00\x00\x00\x00\x00\xc8PQKh\xc3\x1c?\x00\x00\x00\x00\x00\x00\x00\x00(\xbb\xf5\x9e\xe4\xeb\x1a?\x00\x00\x00\x00\x00\x00\x00\x00\t1\xab\xa7\xca\xe5\x19?\x00\x00\x00\x00\x00\x00\x00\x00A\xcfq\xad\xc2L\x18?\x00\x00\x00\x00\x00\x00\x00\x00\x1e\nh@8\xfd\x16?\x00\x00\x00\x00\x00\x00\x00\x00\x9d\x0b\x88\xaf\xae\x0f\x16?\x00\x00\x00\x00\x00\x00\x00\x00\xc2\xcbZ\x16N\xbf\x14?\x00\x00\x00\x00\x00\x00\x00\x00\x10\xef\xe0@\x82\xa9\x13?\x00\x00\x00\x00\x00\x00\x00\x00\xfd\xbb\xb3\xcc\xb3\xdd\x12?\x00\x00\x00\x00\x00\x00\x00\x00\xbe\xe6d3~\xcd\x12?\x00\x00\x00\x00\x00\x00\x00\x00\x04\x00y;?b\x10?\x00\x00\x00\x00\x00\x00\x00\x00\xfa\xf4\xf5\xa3\xd7P\x0f?\x00\x00\x00\x00\x00\x00\x00\x00y,\x8b(\x94\xa4\x0e?\x00\x00\x00\x00\x00\x00\x00\x00\x03\x99F\x03L\xab\x0c?\x00\x00\x00\x00\x00\x00\x00\x00\x9c\x9dNb\xf0\x02\x0b?\x00\x00\x00\x00\x00\x00\x00\x00\xea\xfb\xf2S\xab\x7f\t?\x00\x00\x00\x00\x00\x00\x00\x00d\xa4\xa7\xaeF\x93\x08?\x00\x00\x00\x00\x00\x00\x00\x00\x94\x91~\xed1I\x06?\x00\x00\x00\x00\x00\x00\x00\x00\x80\xf6\xbd\x13\xc5\xdf\x05?\x00\x00\x00\x00\x00\x00\x00\x00\x0ek\xabt7T\x04?\x00\x00\x00\x00\x00\x00\x00\x00\x90\x9a\xb37j\xb0\x03?\x00\x00\x00\x00\x00\x00\x00\x00T\r\xf8\x9d\xe6z\x02?\x00\x00\x00\x00\x00\x00\x00\x00\xed\x07\x0f\xe8\x1fA\x02?\x00\x00\x00\x00\x00\x00\x00\x00m^\x8a!\x7f\x8c\x01?\x00\x00\x00\x00\x00\x00\x00\x00;-\xcb\xb5~B\x00?\x00\x00\x00\x00\x00\x00\x00\x00\xa6F\x9f\x8b\xaa\xd4\xff>\x00\x00\x00\x00\x00\x00\x00\x00\xa1\x949\xd0<\xe6\xfc>\x00\x00\x00\x00\x00\x00\x00\x00\x97\xa7A\x04Z\xa4\xfb>\x00\x00\x00\x00\x00\x00\x00\x00:\x91\t\xa9{+\xfb>\x00\x00\x00\x00\x00\x00\x00\x00\xb6\xf5\xeb\x18G\x99\xfa>\x00\x00\x00\x00\x00\x00\x00\x00Q\xae\xeb\x02:T\xf9>\x00\x00\x00\x00\x00\x00\x00\x00\xec\x9d\xb7\xf8\x9e\xaf\xf6>\x00\x00\x00\x00\x00\x00\x00\x00\xc6^\xb0\x00""\xd6\xf5>\x00\x00\x00\x00\x00\x00\x00\x009\xccj\xb7iY\xf4>\x00\x00\x00\x00\x00\x00\x00\x00!K\xf1p\xf2\x91\xf3>\x00\x00\x00\x00\x00\x00\x00\x00+g\x86yg\xd2\xf2>\x00\x00\x00\x00\x00\x00\x00\x00\x06aD\n&\xf0\xf1>\x00\x00\x00\x00\x00\x00\x00\x00\xb1\x18m\x11p\x85\xf0>\x00\x00\x00\x00\x00\x00\x00\x00\xad\x9c9\xa4\x90`\xf0>\x00\x00\x00\x00\x00\x00\x00\x00{`\xb8\x84\xc4\xea\xee>\x00\x00\x00\x00\x00\x00\x00\x00\x03-M\xdd?\xf9\xed>\x00\x00\x00\x00\x00\x00\x00\x00\xae0\x1b\x88\xe6w\xed>\x00\x00\x00\x00\x00\x00\x00\x00V#[\x1d\xe2\x92\xec>\x00\x00\x00\x00\x00\x00\x00\x00(\xb7\xbe\x97\x8e\x06\xeb>\x00\x00\x00\x00\x00\x00\x00\x00?~\xadL\xc5\xf0\xe9>\x00\x00\x00\x00\x00\x00\x00\x00\x94G\x98#\xb7\x10\xe9>\x00\x00\x00\x00\x00\x00\x00\x00\x15\xe1g\r\xef\xc1\xe7>\x00\x00\x00\x00\x00\x00\x00\x00\xddv\x07l+\xc7\xe6>\x00\x00\x00\x00\x00\x00\x00\x00\x91]\xf2\x14\xd5<\xe5>\x00\x00\x00\x00\x00\x00\x00\x00\xbb\xf9\xde\x17M\t\xe4>\x00\x00\x00\x00\x00\x00\x00\x002)\x1f\x03\xd9\xe9\xe3>\x00\x00\x00\x00\x00\x00\x00\x00F\xaa\xa2\x07\xcda\xe3>\x00\x00\x00\x00\x00\x00\x00\x00\x93.Y\x08\xf9\x98\xe2>\x00\x00\x00\x00\x00\x00\x00\x00\x9e\xdc7\xd1\xf2\x99\xe1>\x00\x00\x00\x00\x00\x00\x00\x00\x8cP]F\x90\xe4\xe0>\x00\x00\x00\x00\x00\x00\x00\x00v\x071\xeb\xaci\xe0>\x00\x00\x00\x00\x00\x00\x00\x00\xeak\x15=\x9a\xed\xde>\x00\x00\x00\x00\x00\x00\x00\x00\xdc:\x0c\xbbwc\xdd>\x00\x00\x00\x00\x00\x00\x00\x00zXLqN6\xdb>\x00\x00\x00\x00\x00\x00\x00\x00\xdf8<\x12W\xb7\xda>\x00\x00\x00\x00\x00\x00\x00\x00\x1f\x10\x92xhO\xd9>\x00\x00\x00\x00\x00\x00\x00\x00>ig8+\xa3\xd8>\x00\x00\x00\x00\x00\x00\x00\x00\xee\xe9/\xf7j\xda\xd7>\x00\x00\x00\x00\x00\x00\x00\x00y\x7fI~\xd8H\xd6>\x00\x00\x00\x00\x00\x00\x00\x00\x81(\xc4\x91\n\x8e\xd5>\x00\x00\x00\x00\x00\x00\x00\x00\xd3\xae\x87\x87\x08\x1c\xd5>\x00\x00\x00\x00\x00\x00\x00\x00L==\xa2\x11\xff\xd3>\x00\x00\x00\x00\x00\x00\x00\x00Q\xad\x99Q\x97\x93\xd3>\x00\x00\x00\x00\x00\x00\x00\x00\xf8\xe0<\xfbT\xa3\xd1>\x00\x00\x00\x00\x00\x00\x00\x00W\x8b(\x90_z\xd1>\x00\x00\x00\x00\x00\x00\x00\x00\xb5\x9c\xf9\x91\xb4\xea\xd0>\x00\x00\x00\x00\x00\x00\x00\x00*\xc7Y\xc1\x93d\xd0>\x00\x00\x00\x00\x00\x00\x00\x00\x01V\xbf\x0fM\xec\xce>\x00\x00\x00\x00\x00\x00\x00\x00\x98]\xc1c\xab\xdd\xcd>\x00\x00\x00\x00\x00\x00\x00\x00\x00x\xa5\x9e\xe2\xb1\xcd>\x00\x00\x00\x00\x00\x00\x00\x005\x8b\xa9\xa9E\xd1\xcc>\x00\x00\x00\x00\x00\x00\x00\x00!A\xfa\x1bYI\xcb>\x00\x00\x00\x00\x00\x00\x00\x00\x9cJw\xc7\xa0\xb1\xc9>\x00\x00\x00\x00\x00\x00\x00\x00\xa9kv%\xa62\xc9>\x00\x00\x00\x00\x00\x00\x00\x00@\x95\x7fb7L\xc8>\x00\x00\x00\x00\x00\x00\x00\x00\xde\x86\x11\x7f\xfc@\xc7>\x00\x00\x00\x00\x00\x00\x00\x00\xb9A\x83\xb69\xb9\xc5>\x00\x00\x00\x00\x00\x00\x00\x00\xf8\x05\x08\x8f\xbb\x9c\xc4>\x00\x00\x00\x00\x00\x00\x00\x00\x92a\xa3\x9c\xedJ\xc4>\x00\x00\x00\x00\x00\x00\x00\x00@\x02\xbe_N\xe0\xc2>\x00\x00\x00\x00\x00\x00\x00\x00\xe4\x1c\x8b\x86Q)\xc2>\x00\x00\x00\x00\x00\x00\x00\x00\xc0abD60\xc1>\x00\x00\x00\x00\x00\x00\x00\x00\xa9/dr\x8f\xec\xbf>\x00\x00\x00\x00\x00\x00\x00\x00\x04\x86\xcc\x00\xda\xa5\xbf>\x00\x00\x00\x00\x00\x00\x00\x00\xe0`\x13\x877\xd5\xbe>\x00\x00\x00\x00\x00\x00\x00\x00\x9d\xd4\xa9C\xa5K\xbd>\x00\x00\x00\x00\x00\x00\x00\x00F\xb6o\x13M\xf1\xbc>\x00\x00\x00\x00\x00\x00\x00\x00p\xb7\xae\xc5\x9aw\xbb>\x00\x00\x00\x00\x00\x00\x00\x00\xcb\x084\x15\x8c\xac\xba>\x00\x00\x00\x00\x00\x00\x00\x00\xf4\x1e9\x83\xe2\x8b\xb9>\x00\x00\x00\x00\x00\x00\x00\x00\xa5\x89O\xff\xb9.\xb8>\x00\x00\x00\x00\x00\x00\x00\x00\xcd\xb6\x83\x98\xab\xf7\xb6>\x00\x00\x00\x00\x00\x00\x00\x00\x1e\xd3O\xb1\xc8\x0e\xb6>\x00\x00\x00\x00\x00\x00\x00\x00.\xe6~\xd0\x8b/\xb5>\x00\x00\x00\x00\x00\x00\x00\x00\x8b\x06.:\xaa\x95\xb4>\x00\x00\x00\x00\x00\x00\x00\x00\xa2q\xc4\x0e\xe5\x80\xb3>\x00\x00\x00\x00\x00\x00\x00\x00b\xfaK<\xf3\n\xb2>\x00\x00\x00\x00\x00\x00\x00\x00\xc2\x1d_\xd3\xb4\xba\xb1>\x00\x00\x00\x00\x00\x00\x00\x00\xf9\xb5\x15\x91\xf3\xe4\xb0>\x00\x00\x00\x00\x00\x00\x00\x00\xc5\x9b\xfcP@\x8e\xb0>\x00\x00\x00\x00\x00\x00\x00\x00\x90\xec\x9f!\xb4\x89\xaf>\x00\x00\x00\x00\x00\x00\x00\x00\xfc.\x9f\xa9\xf3w\xae>\x00\x00\x00\x00\x00\x00\x00\x005\xf15\xf2[,\xac>\x00\x00\x00\x00\x00\x00\x00\x00\x16\xde\xfdk!\xab\xab>\x00\x00\x00\x00\x00\x00\x00\x00j\xf0\xc6,\x19\x05\xab>\x00\x00\x00\x00\x00\x00\x00\x00\xd3\x98:Nn@\xaa>\x00\x00\x00\x00\x00\x00\x00\x00\x0c\x03\xe1\r:5\xa9>\x00\x00\x00\x00\x00\x00\x00\x00\x13V-9nR\xa7>\x00\x00\x00\x00\x00\x00\x00\x00W\xb7}\xdbj\xe7\xa6>\x00\x00\x00\x00\x00\x00\x00\x00\x1b\t\xeaG\xdft\xa5>\x00\x00\x00\x00\x00\x00\x00\x00\\""\x18\xa2\'K\xa4>\x00\x00\x00\x00\x00\x00\x00\x00\xc7\x9f\xa0p~&\xa3>\x00\x00\x00\x00\x00\x00\x00\x00\xbf?\xae\x15\xcd\xb0\xa2>\x00\x00\x00\x00\x00\x00\x00\x00p\x8c$\xfd\xd5\x19\xa2>\x00\x00\x00\x00\x00\x00\x00\x00 \x88\x19\x8b\xd2\xee\xa1>\x00\x00\x00\x00\x00\x00\x00\x00\xc9\x14\x8f@\xfd@\xa1>\x00\x00\x00\x00\x00\x00\x00\x00\xb8\x02\x98\x97\n{\xa0>\x00\x00\x00\x00\x00\x00\x00\x00u#0\xa0\xf0\xe5\x9f>\x00\x00\x00\x00\x00\x00\x00\x00g\x01&\xbf\x06]\x9f>\x00\x00\x00\x00\x00\x00\x00\x00%*\xb3\xd3\x85\xdf\x9d>\x00\x00\x00\x00\x00\x00\x00\x00\xaa6\xcc,Z\xe6\x9c>\x00\x00\x00\x00\x00\x00\x00\x00\x07a\xb4\xd3\x04}\x9c>\x00\x00\x00\x00\x00\x00\x00\x00\xe6\'\x1d\x7f\x85\xc6\x9b>\x00\x00\x00\x00\x00\x00\x00\x00%\xcc\xc6h\xfd&\x9b>\x00\x00\x00\x00\x00\x00\x00\x00\x9b\xe6\x8e\xea%\xf3\x99>\x00\x00\x00\x00\x00\x00\x00\x00\x8e\x9f\x0f\xf3\xebc\x99>\x00\x00\x00\x00\x00\x00\x00\x00\xd1\x99\x96MCu\x98>\x00\x00\x00\x00\x00\x00\x00\x00O\x9f\xfd\x01uj\x97>\x00\x00\x00\x00\x00\x00\x00\x00\xf7~\xd5\xaa\xc9\x16\x97>\x00\x00\x00\x00\x00\x00\x00\x00\xc1\x19\x19l\x81y\x96>\x00\x00\x00\x00\x00\x00\x00\x00L3U\xd5,\xc1\x94>\x00\x00\x00\x00\x00\x00\x00\x00\xf2o\xb9\xc8\x1c\x89\x93>\x00\x00\x00\x00\x00\x00\x00\x00\x8e\xa4\xdcJW\x1c\x93>\x00\x00\x00\x00\x00\x00\x00\x00\x8e\xa6s\x96i\x0c\x93>\x00\x00\x00\x00\x00\x00\x00\x00|#\xf4\xe4\x91\xbd\x92>\x00\x00\x00\x00\x00\x00\x00\x00w\x8c\xd6\x0c\xbc\x84\x91>\x00\x00\x00\x00\x00\x00\x00\x00\xde\x85R\x97\xfa\x00\x91>\x00\x00\x00\x00\x00\x00\x00\x00*\xf6\xf4|\xd9\x95\x90>\x00\x00\x00\x00\x00\x00\x00\x00\x96\xde\x99Em\xe3\x8f>\x00\x00\x00\x00\x00\x00\x00\x00\x9dwy-\xa5t\x8e>\x00\x00\x00\x00\x00\x00\x00\x00C\xf8\x04T\x9a\xc2\x8c>\x00\x00\x00\x00\x00\x00\x00\x00\x1c\x94&D\xb9|\x8c>\x00\x00\x00\x00\x00\x00\x00\x00|Hw\xf7\xfe\x81\x8b>\x00\x00\x00\x00\x00\x00\x00\x00\xf8\x10\x90\x81J\xb1\x8a>\x00\x00\x00\x00\x00\x00\x00\x00\x1a\x11\xbcd1\xca\x89>\x00\x00\x00\x00\x00\x00\x00\x00\x88\x97\xb5\xeci\x8d\x88>\x00\x00\x00\x00\x00\x00\x00\x00\xbc\xa9\xbbO\xb4\xe9\x87>\x00\x00\x00\x00\x00\x00\x00\x00x\xf9;Z)\xcb\x86>\x00\x00\x00\x00\x00\x00\x00\x00\xcb0-\n\xaf\xdb\x85>\x00\x00\x00\x00\x00\x00\x00\x00,cU\xc0\x08\xc2\x84>\x00\x00\x00\x00\x00\x00\x00\x00FQ\x7f\xa9\xe7\xda\x83>\x00\x00\x00\x00\x00\x00\x00\x00\xb3\x0e1\xb9\xc5!\x83>\x00\x00\x00\x00\x00\x00\x00\x00B5\xd6\x99\r\xe7\x82>\x00\x00\x00\x00\x00\x00\x00\x00\xb8\x8a\xb1R\xdc\xb3\x82>\x00\x00\x00\x00\x00\x00\x00\x00\x19\x9a \x83\xdf<\x81>\x00\x00\x00\x00\x00\x00\x00\x00\xcb\x82\r\x82\r\x1a\x81>\x00\x00\x00\x00\x00\x00\x00\x00\xf1\x8f\nx\xa9^\x80>\x00\x00\x00\x00\x00\x00\x00\x00\x02\xe5\x01\xe4\x08)\x80>\x00\x00\x00\x00\x00\x00\x00\x00\xe5\x8dh\x94\xc8U~>\x00\x00\x00\x00\x00\x00\x00\x00\xf5\xe9ou\xe1\x93~>\x00\x00\x00\x00\x00\x00\x00\x00}\xb3\xbc\xae\xb9?|>\x00\x00\x00\x00\x00\x00\x00\x00\x94i\xe5}\xcb\xad{>\x00\x00\x00\x00\x00\x00\x00\x00(+\xc4n\x8d\xefz>\x00\x00\x00\x00\x00\x00\x00\x00\xad~z\x97\x07\xf3y>\x00\x00\x00\x00\x00\x00\x00\x00x\xb7\xaed\xbf\x1by>\x00\x00\x00\x00\x00\x00\x00\x009\xfdA p\x9cx>\x00\x00\x00\x00\x00\x00\x00\x00\x04\xbe\xfb\xdf\xbd\x95w>\x00\x00\x00\x00\x00\x00\x00\x00\x83Y\xb3\x98\xee\'w>\x00\x00\x00\x00\x00\x00\x00\x00\x9bW\xdc\\\xa4\xd7v>\x00\x00\x00\x00\x00\x00\x00\x00\xaf\xff\x8a\x19\x8c@u>\x00\x00\x00\x00\x00\x00\x00\x00z9\x07\x82\xfb\xc5t>\x00\x00\x00\x00\x00\x00\x00\x00\x86\xf6-W-Js>\x00\x00\x00\x00\x00\x00\x00\x00\xe4\xec$\xe5jdr>\x00\x00\x00\x00\x00\x00\x00\x00\xda\x8agg\x1e\xe1q>\x00\x00\x00\x00\x00\x00\x00\x00\x8a~v+\xa9[q>\x00\x00\x00\x00\x00\x00\x00\x00a\xae\xda\xc7\xc7fp>\x00\x00\x00\x00\x00\x00\x00\x00\xb7\x91\x82+\xb7\xa6o>\x00\x00\x00\x00\x00\x00\x00\x00s9\xc5_\xc2ro>\x00\x00\x00\x00\x00\x00\x00\x00RM#\xe3\xc9\x12n>\x00\x00\x00\x00\x00\x00\x00\x00\x88v\x82IA\x85l>\x00\x00\x00\x00\x00\x00\x00\x00\x02]\xb7z\xa8hl>\x00\x00\x00\x00\x00\x00\x00\x00\x08f\xae\x1c\xec\xbfj>\x00\x00\x00\x00\x00\x00\x00\x00R\x8c3\xe7\xac\xffi>\x00\x00\x00\x00\x00\x00\x00\x00\xdb\x11\xac]~:i>\x00\x00\x00\x00\x00\x00\x00\x00\xef\xa1;\xcf\xf8\x0ch>\x00\x00\x00\x00\x00\x00\x00\x00\xa1wNy\xb3`g>\x00\x00\x00\x00\x00\x00\x00\x00\xa4u}{)*g>\x00\x00\x00\x00\x00\x00\x00\x00\x7f\x86\xb9U\x0c\xcdf>\x00\x00\x00\x00\x00\x00\x00\x00\x84\x0f\xc1\x07sEf>\x00\x00\x00\x00\x00\x00\x00\x00\x9e\xd4\x9b\xe4\xbd0e>\x00\x00\x00\x00\x00\x00\x00\x00\x0co\xe2\x92]:d>\x00\x00\x00\x00\x00\x00\x00\x00!\xc2Q\xb6p\xebc>\x00\x00\x00\x00\x00\x00\x00\x00\xb2\x0b\xe7\xd0]\x9bb>\x00\x00\x00\x00\x00\x00\x00\x00\x91\xcf\xefP\xd7Ab>\x00\x00\x00\x00\x00\x00\x00\x000\xc7\x7f\x9f{\xa8a>\x00\x00\x00\x00\x00\x00\x00\x00\xe3H\xd8SLea>\x00\x00\x00\x00\x00\x00\x00\x00\xa6\xdb\xb2/\xad\xbf`>\x00\x00\x00\x00\x00\x00\x00\x00\xd3 \x08BQ\xa4`>\x00\x00\x00\x00\x00\x00\x00\x00\xdb\xe4\xaef#~_>\x00\x00\x00\x00\x00\x00\x00\x00C^\xcc\xb1\xbe\xed^>\x00\x00\x00\x00\x00\x00\x00\x00/\xf8\x1e)j\xc0^>\x00\x00\x00\x00\x00\x00\x00\x00\xb3\x8b\x9cI0\x8e\\>\x00\x00\x00\x00\x00\x00\x00\x00\xb0\xc4G\x06{\xc4[>\x00\x00\x00\x00\x00\x00\x00\x00\xac\xfb\x91\xb4\xd1fZ>\x00\x00\x00\x00\x00\x00\x00\x00\xb5\x05\x05\xda\r\xcdY>\x00\x00\x00\x00\x00\x00\x00\x00\xbc{\xbe#\x08\nY>\x00\x00\x00\x00\x00\x00\x00\x00k\xd9\x94\xb5\x16$X>\x00\x00\x00\x00\x00\x00\x00\x00\t\xc9\xe2\xe7,9W>\x00\x00\x00\x00\x00\x00\x00\x00\xd1\xfe\xa51\xd5\xefU>\x00\x00\x00\x00\x00\x00\x00\x00XUIw{{U>\x00\x00\x00\x00\x00\x00\x00\x00xH\x0e\x03\x12\x95T>\x00\x00\x00\x00\x00\x00\x00\x00\xd8\xb7T{\xa2\xa1T>\x00\x00\x00\x00\x00\x00\x00\x00vQu@E\xf4S>\x00\x00\x00\x00\x00\x00\x00\x001V\xc7""\xac\xa9R>\x00\x00\x00\x00\x00\x00\x00\x00\x9f\xac{\xb4\x1c^R>\x00\x00\x00\x00\x00\x00\x00\x00H:X\xc6\x01BR>\x00\x00\x00\x00\x00\x00\x00\x00+\xf0}\xba\xdf\x88Q>\x00\x00\x00\x00\x00\x00\x00\x00\xaf\xe9\x02\xea\x03\xdcP>\x00\x00\x00\x00\x00\x00\x00\x00\x8b\xe0\x07H\x967P>\x00\x00\x00\x00\x00\x00\x00\x00N\xe3\xbfc\xbe\xa8N>\x00\x00\x00\x00\x00\x00\x00\x002|\xa26\xa5=N>\x00\x00\x00\x00\x00\x00\x00\x00\x94\x03\x18\x07\x9d?M>\x00\x00\x00\x00\x00\x00\x00\x00\x8f\x91\x0cq+\xb5L>\x00\x00\x00\x00\x00\x00\x00\x00\x02*\xc5\xec\xde\xf3K>\x00\x00\x00\x00\x00\x00\x00\x00\xc4\xe5\xc5xw\xc6K>\x00\x00\x00\x00\x00\x00\x00\x00\xcd\xb3\xdc\x99j\x1aK>\x00\x00\x00\x00\x00\x00\x00\x00\xf4\xc4n\x9c7+J>\x00\x00\x00\x00\x00\x00\x00\x00w\x08\xe9\x94\xdd\x14I>\x00\x00\x00\x00\x00\x00\x00\x007\xa1\x85\xd0\xfa\xf0H>\x00\x00\x00\x00\x00\x00\x00\x00k\x06\xd1\xfa\r0G>\x00\x00\x00\x00\x00\x00\x00\x00}\xbbg\x92\t\x13G>\x00\x00\x00\x00\x00\x00\x00\x00\x07\xb5\x83`\x02:F>\x00\x00\x00\x00\x00\x00\x00\x00\xf4\xd8\x1e\xb2\xfaZE>\x00\x00\x00\x00\x00\x00\x00\x00\x80\x83\xb7ou?E>\x00\x00\x00\x00\x00\x00\x00\x00\xe7k\xb5z?FD>\x00\x00\x00\x00\x00\x00\x00\x00\x8b\x9a\xab+\x96\xc7C>\x00\x00\x00\x00\x00\x00\x00\x00w\xff\x98\x9dk\x93C>\x00\x00\x00\x00\x00\x00\x00\x00Jm\x8b\x01\x8b\xcfB>\x00\x00\x00\x00\x00\x00\x00\x00\xeb\x07\x17M\x9c\x94B>\x00\x00\x00\x00\x00\x00\x00\x000\xd8\xf0\x8a\xb6\xdaA>\x00\x00\x00\x00\x00\x00\x00\x00\x10\xa6\xf6\xc3\xd3OA>\x00\x00\x00\x00\x00\x00\x00\x00\x87L\xed\xe7\x98H@>\x00\x00\x00\x00\x00\x00\x00\x00N\th N @>\x00\x00\x00\x00\x00\x00\x00\x00\xf3`\xe0\xd9y\x99?>\x00\x00\x00\x00\x00\x00\x00\x00\xbe\x9a\rD{E?>\x00\x00\x00\x00\x00\x00\x00\x00\'\xa7\xf7s\x92)?>\x00\x00\x00\x00\x00\x00\x00\x00T\xdf\rh\xa4C<>\x00\x00\x00\x00\x00\x00\x00\x00U3\xe91\xe5\xed;>\x00\x00\x00\x00\x00\x00\x00\x00hmx/\xfa\xb7;>\x00\x00\x00\x00\x00\x00\x00\x00\x89c\xaa\x8d3\xf7:>\x00\x00\x00\x00\x00\x00\x00\x00=\xfb\xb6l%0:>\x00\x00\x00\x00\x00\x00\x00\x00\xbf@\x0e\x88\xfc\x849>\x00\x00\x00\x00\x00\x00\x00\x009dL\x87\x85\xf08>\x00\x00\x00\x00\x00\x00\x00\x00\x92(\x1a\x12\x05\xb57>\x00\x00\x00\x00\x00\x00\x00\x00\x04\xe4Q\xb2\x8d\xad6>\x00\x00\x00\x00\x00\x00\x00\x00\x03\x03i}\xbf:6>\x00\x00\x00\x00\x00\x00\x00\x00P\x87jr\xfe\xbb5>\x00\x00\x00\x00\x00\x00\x00\x001\xd2\x85\x1a\xf2\xab4>\x00\x00\x00\x00\x00\x00\x00\x00>\xef\x9d=\xfb\xe63>\x00\x00\x00\x00\x00\x00\x00\x00\xb5\x0b\xd4a7\xcb2>\x00\x00\x00\x00\x00\x00\x00\x00%E[\x0f\x00T2>\x00\x00\x00\x00\x00\x00\x00\x00\xe8D0\xcb\xaa\xe21>\x00\x00\x00\x00\x00\x00\x00\x00\xcb_.\xfbW\xcf1>\x00\x00\x00\x00\x00\x00\x00\x00\x15\x8es\xb7\xd6Z1>\x00\x00\x00\x00\x00\x00\x00\x00I|\x7f\'\x01\x1e1>\x00\x00\x00\x00\x00\x00\x00\x00C\xe3\xe4\x0e\xdcP0>\x00\x00\x00\x00\x00\x00\x00\x008q\xfc\xf0\xd2\x8a/>\x00\x00\x00\x00\x00\x00\x00\x00.v\xba\xbd\xcc\xe7.>\x00\x00\x00\x00\x00\x00\x00\x00\x94\xfb\xa1l\x96\x8d->\x00\x00\x00\x00\x00\x00\x00\x00B\x8de\xb7n\xfb+>\x00\x00\x00\x00\x00\x00\x00\x00\x0bB\xdc\xae\xbb\x81+>\x00\x00\x00\x00\x00\x00\x00\x00\xcc\xd2\x86V\xbb})>\x00\x00\x00\x00\x00\x00\x00\x00B2\xb3r\x9aQ)>\x00\x00\x00\x00\x00\x00\x00\x00\xa0N#V\xf4\xd7(>\x00\x00\x00\x00\x00\x00\x00\x00\x88\x15\x8c\x85\xd7&(>\x00\x00\x00\x00\x00\x00\x00\x00c,a\x08{\xf2\'>\x00\x00\x00\x00\x00\x00\x00\x00\xe0|\xcb\xb4\xd6\x9f&>\x00\x00\x00\x00\x00\x00\x00\x00b\xea7\xf0\x82,&>\x00\x00\x00\x00\x00\x00\x00\x00{)\x80_\xbd\xec%>\x00\x00\x00\x00\x00\x00\x00\x00$fM\x97\x89\x90%>\x00\x00\x00\x00\x00\x00\x00\x00\xe9@\xad\x97\x94v$>\x00\x00\x00\x00\x00\x00\x00\x00\xde\xb8"")Wv#>\x00\x00\x00\x00\x00\x00\x00\x00\xf7Vuv\xa5\xf4"">\x00\x00\x00\x00\x00\x00\x00\x00\x8eU\'\x147\xfd!>\x00\x00\x00\x00\x00\x00\x00\x00\xdc\xf2\x18\xe6\xd1\xc4!>\x00\x00\x00\x00\x00\x00\x00\x00+H\xaa\xff\xedB!>\x00\x00\x00\x00\x00\x00\x00\x00eD\x8d\x8a\x89\xf0 >\x00\x00\x00\x00\x00\x00\x00\x00\x15C*\xd6\x8f\x19 >\x00\x00\x00\x00\x00\x00\x00\x00\xc9\x88=\xd0n\xa8\x1f>\x00\x00\x00\x00\x00\x00\x00\x00\xe9\xf4\xc1%\x0e0\x1f>\x00\x00\x00\x00\x00\x00\x00\x00k\xa1H\xb0\xe4\x0f\x1e>\x00\x00\x00\x00\x00\x00\x00\x00&\x9d\x01\x8bm<\x1d>\x00\x00\x00\x00\x00\x00\x00\x00\xc0\xf0\xf2\xb1+%\x1c>\x00\x00\x00\x00\x00\x00\x00\x00\xbb\x88b\xcc\xe3\xc1\x1b>\x00\x00\x00\x00\x00\x00\x00\x00gU[\x80q[\x1b>\x00\x00\x00\x00\x00\x00\x00\x00W\xee\x9a\xa4L\x19\x1a>\x00\x00\x00\x00\x00\x00\x00\x00PnQ\x8a3\x89\x18>\x00\x00\x00\x00\x00\x00\x00\x00z=,N\r\x1f\x18>\x00\x00\x00\x00\x00\x00\x00\x00\x0fz>\x16f\x87\x17>\x00\x00\x00\x00\x00\x00\x00\x00\xd5G\xcd?\x1f\x03\x17>\x00\x00\x00\x00\x00\x00\x00\x00\xcf:\n\x00\x89f\x16>\x00\x00\x00\x00\x00\x00\x00\x00\x8e\xdd\x02\xf5\xb2\xbe\x15>\x00\x00\x00\x00\x00\x00\x00\x00\x0e\xe3\xfbF1\xc8\x14>\x00\x00\x00\x00\x00\x00\x00\x00Y\xfe\xb7\x84\xe4\xb1\x14>\x00\x00\x00\x00\x00\x00\x00\x00\xeb\x93\x9a\tv=\x14>\x00\x00\x00\x00\x00\x00\x00\x00t!\xe8\xc9\xf1\xd4\x13>\x00\x00\x00\x00\x00\x00\x00\x00B\x97\xc2\xe5cx\x13>\x00\x00\x00\x00\x00\x00\x00\x00\x87};4\x1a\xc7\x12>\x00\x00\x00\x00\x00\x00\x00\x00Kw\x1b5e\x8d\x12>\x00\x00\x00\x00\x00\x00\x00\x00\x80\xa6\xd9\xbd\x99\xfa\x11>\x00\x00\x00\x00\x00\x00\x00\x00\x7fl>/\xab\xe9\x11>\x00\x00\x00\x00\x00\x00\x00\x00\x9a\xafO\xbe\x7f\xc5\x10>\x00\x00\x00\x00\x00\x00\x00\x00\xf7\xf2<1-b\x0f>\x00\x00\x00\x00\x00\x00\x00\x00\xb3(\xb7\x8c\x9f\xc2\x0e>\x00\x00\x00\x00\x00\x00\x00\x00\xf0\xe5\xcb\x95\xbb+\x0e>\x00\x00\x00\x00\x00\x00\x00\x00\x86\xe0\xd9\xfd\xf6\x9a\r>\x00\x00\x00\x00\x00\x00\x00\x001\xbc\xe8C\xab.\r>\x00\x00\x00\x00\x00\x00\x00\x00s\xe9MJ\xa1\xfc\x0b>\x00\x00\x00\x00\x00\x00\x00\x00\x9dyA.\xadC\x0b>\x00\x00\x00\x00\x00\x00\x00\x00\x14h\x12\x8cb\x9f\n>\x00\x00\x00\x00\x00\x00\x00\x00Q\x0cmmLT\n>\x00\x00\x00\x00\x00\x00\x00\x00\xf1\x85\\\x1d\x90\xfe\x08>\x00\x00\x00\x00\x00\x00\x00\x00\xa4L~\x17\x1e\x9a\x08>\x00\x00\x00\x00\x00\x00\x00\x00\xc0=\x81\x81\x85\xee\x07>\x00\x00\x00\x00\x00\x00\x00\x00\x04\x0e\x04\'\x96\xd1\x06>\x00\x00\x00\x00\x00\x00\x00\x00\x87G\x80\xd17+\x06>\x00\x00\x00\x00\x00\x00\x00\x009\xcc\x13+\xfe\xf7\x05>\x00\x00\x00\x00\x00\x00\x00\x00\x87\x94X\xbc\xc9\xfd\x04>\x00\x00\x00\x00\x00\x00\x00\x00<\xcf\xbd\xba\x89\xac\x04>\x00\x00\x00\x00\x00\x00\x00\x00Q\xabE\x03\xd2\x85\x04>\x00\x00\x00\x00\x00\x00\x00\x00\x07\xf7U\x05\xcb\x12\x03>\x00\x00\x00\x00\x00\x00\x00\x00r\xe1\xfb!\x9c\xa8\x02>\x00\x00\x00\x00\x00\x00\x00\x007\x04\xf5\xd1\x8d\x16\x02>\x00\x00\x00\x00\x00\x00\x00\x00e,\xe4\'\xcf\xb3\x01>\x00\x00\x00\x00\x00\x00\x00\x00i\x1d\x1c(\xa5\x03\x01>\x00\x00\x00\x00\x00\x00\x00\x00\xe1_\x0f\xf9\x89\xb0\x00>\x00\x00\x00\x00\x00\x00\x00\x00\xe6Z""[\xb6c\x00>\x00\x00\x00\x00\x00\x00\x00\x00Zg\xbe\xe9\xf4\xb4\xff=\x00\x00\x00\x00\x00\x00\x00\x00\xcbi\x8f9\x88\x80\xfe=\x00\x00\x00\x00\x00\x00\x00\x00:\'\xce\x08H\x8d\xfd=\x00\x00\x00\x00\x00\x00\x00\x00y\xe6\xb7\t1\x88\xfc=\x00\x00\x00\x00\x00\x00\x00\x00\x16\xac\xa4\x97!\x98\xfc=\x00\x00\x00\x00\x00\x00\x00\x00\xbf\x96\xf4\x1d\xce\x96\xfb=\x00\x00\x00\x00\x00\x00\x00\x00[G\xdc\x124\xd5\xfa=\x00\x00\x00\x00\x00\x00\x00\x00\x14R\xfd\xdb\xe7\xfc\xf9=\x00\x00\x00\x00\x00\x00\x00\x00\xaa\xc9\xc6\xd5$\xfc\xf8=\x00\x00\x00\x00\x00\x00\x00\x00\x19\xbf0\xce0\xd1\xf8=\x00\x00\x00\x00\x00\x00\x00\x00\xca\xad\xc7\xe8\xd07\xf8=\x00\x00\x00\x00\x00\x00\x00\x00^\xdb\xbb\x0bX\xb2\xf7=\x00\x00\x00\x00\x00\x00\x00\x00\xf9\x14\n0\xa0j\xf7=\x00\x00\x00\x00\x00\x00\x00\x00p\xcaL\xc1^\x02\xf6=\x00\x00\x00\x00\x00\x00\x00\x00\xb1D<D0s\xf5=\x00\x00\x00\x00\x00\x00\x00\x00(\xa5tG\x0eK\xf4=\x00\x00\x00\x00\x00\x00\x00\x00\x05yOJ\x94A\xf4=\x00\x00\x00\x00\x00\x00\x00\x00\x92~\xc9\xe8/\xd1\xf3=\x00\x00\x00\x00\x00\x00\x00\x00\x8d\x12\xd2\x9f\x9bi\xf3=\x00\x00\x00\x00\x00\x00\x00\x00O\xaaz\xfa;G\xf3=\x00\x00\x00\x00\x00\x00\x00\x00w\x99\xb7\xfc\xef\xe5\xf2=\x00\x00\x00\x00\x00\x00\x00\x00J\x98\x80\xdba\xee\xf1=\x00\x00\x00\x00\x00\x00\x00\x00a\xd4\xb5\x92\x1d\x9c\xf1=\x00\x00\x00\x00\x00\x00\x00\x00\x163v\x95\xec\x9a\xf0=\x00\x00\x00\x00\x00\x00\x00\x00\xae<\xca\x94\x9fZ\xf0=\x00\x00\x00\x00\x00\x00\x00\x00\x90x\x1e\xd7i\x0b\xf0=\x00\x00\x00\x00\x00\x00\x00\x00\x82\xed""\x8eh)\xef=\x00\x00\x00\x00\x00\x00\x00\x00,w\xb6A\x06n\xee=\x00\x00\x00\x00\x00\x00\x00\x00\x1a[\xefS;\xd8\xed=\x00\x00\x00\x00\x00\x00\x00\x00\xf1C\x10\xf6\n\xfc\xec=\x00\x00\x00\x00\x00\x00\x00\x00k\x9c\xdc\xdc\x0c\xd4\xec=\x00\x00\x00\x00\x00\x00\x00\x00tv\xb9\xb6\r\xe4\xeb=\x00\x00\x00\x00\x00\x00\x00\x00\x92\xdc\xd6\xfeX#\xeb=\x00\x00\x00\x00\x00\x00\x00\x00\xb5\xa8\xd6\xbd{\xa6\xea=\x00\x00\x00\x00\x00\x00\x00\x00\xd7w\xb8`\xba\x9a\xe9=\x00\x00\x00\x00\x00\x00\x00\x00\xc1b\xcbl\xfbR\xe9=\x00\x00\x00\x00\x00\x00\x00\x00\xa8$\x81l\xb1\x03\xe8=\x00\x00\x00\x00\x00\x00\x00\x00/\x04\xb5\xbcGW\xe7=\x00\x00\x00\x00\x00\x00\x00\x00\xfcqi\x89\xdc\xe1\xe6=\x00\x00\x00\x00\x00\x00\x00\x00jp\xc9\xbe\xa1\x87\xe6=\x00\x00\x00\x00\x00\x00\x00\x00YL\xf5\xdb\xf4\xd0\xe5=\x00\x00\x00\x00\x00\x00\x00\x004?\xc52\xa2\x91\xe4=\x00\x00\x00\x00\x00\x00\x00\x00\x97\x9d\x82\xf6\xc9W\xe4=\x00\x00\x00\x00\x00\x00\x00\x00\x81+\xb7U\x15\xe8\xe3=\x00\x00\x00\x00\x00\x00\x00\x00\x1e8\x1eDV\x04\xe3=\x00\x00\x00\x00\x00\x00\x00\x00RK\xd9d{\xa2\xe2=\x00\x00\x00\x00\x00\x00\x00\x00yCH\x87\x12&\xe2=\x00\x00\x00\x00\x00\x00\x00\x00\xb7\x95v\xfc\xc0\xa0\xe1=\x00\x00\x00\x00\x00\x00\x00\x00\xf2\xa3j.;i\xe1=\x00\x00\x00\x00\x00\x00\x00\x00\xe0\xb5B\'\xe1*\xe1=\x00\x00\x00\x00\x00\x00\x00\x00I\xdfJ&E7\xe0=\x00\x00\x00\x00\x00\x00\x00\x00\x08\x0f\x9e\xcc\x00\xff\xdf=\x00\x00\x00\x00\x00\x00\x00\x00\xf9\xf6c\xe1\xe8\xdd\xde=\x00\x00\x00\x00\x00\x00\x00\x00v\xbfI!\x80\xc9\xdd=\x00\x00\x00\x00\x00\x00\x00\x00\x17\xab0\xe7\xf5\x91\xdd=\x00\x00\x00\x00\x00\x00\x00\x00hM\x8a\xf98K\xdd=\x00\x00\x00\x00\x00\x00\x00\x00\xfd\xa0L\xc8JL\xdc=\x00\x00\x00\x00\x00\x00\x00\x00\xe0\x95\xe2\xe2\xc7\x84\xdb=\x00\x00\x00\x00\x00\x00\x00\x00\xf46\xce\xdf`\xa8\xdb=\x00\x00\x00\x00\x00\x00\x00\x00\xe6\xa8\xb1\x8a\xb8\xb9\xda=\x00\x00\x00\x00\x00\x00\x00\x00\xecQ\xdfU\xf4\xc5\xd9=\x00\x00\x00\x00\x00\x00\x00\x00\xefC\xceI\xa0\xf4\xd8=\x00\x00\x00\x00\x00\x00\x00\x00,\x8a~\x85\xd1\xda\xd8=\x00\x00\x00\x00\x00\x00\x00\x00\xf5}\x16z\xde\xc4\xd7=\x00\x00\x00\x00\x00\x00\x00\x00\xa1,\xd6\x18\xcc""\xd7=\x00\x00\x00\x00\x00\x00\x00\x00g\x98\x14i#\x9d\xd6=\x00\x00\x00\x00\x00\x00\x00\x00C\xd0\x07\xd6\xd2\x00\xd6=\x00\x00\x00\x00\x00\x00\x00\x00\xcd\x196\x80\xd9\xbf\xd5=\x00\x00\x00\x00\x00\x00\x00\x00\xd3\x88\x995q\xe9\xd4=\x00\x00\x00\x00\x00\x00\x00\x00\xaeE\x86|\x88\x8f\xd4=\x00\x00\x00\x00\x00\x00\x00\x00\xfa\xd5\xf2\xc8\xd3\x1e\xd4=\x00\x00\x00\x00\x00\x00\x00\x00/e\xaa\x08hg\xd3=\x00\x00\x00\x00\x00\x00\x00\x00\xb3<\x0b\x98\x1c\xd0\xd2=\x00\x00\x00\x00\x00\x00\x00\x00bN\x1ag\xa6W\xd2=\x00\x00\x00\x00\x00\x00\x00\x00\\D\x9dX\xf9\xdf\xd1=\x00\x00\x00\x00\x00\x00\x00\x00\xd6<\xc1\xb9\x8c\x89\xd1=\x00\x00\x00\x00\x00\x00\x00\x00\xfa.U\x91%R\xd1=\x00\x00\x00\x00\x00\x00\x00\x00\xdf\xa5[\xd8\xda\x13\xd1=\x00\x00\x00\x00\x00\x00\x00\x00\x9c\x0c\x8ea\xef!\xd0=\x00\x00\x00\x00\x00\x00\x00\x00\x97\xaa\xccy\x00\x9f\xcf=\x00\x00\x00\x00\x00\x00\x00\x00}v\xa1\x9d\xacu\xce=\x00\x00\x00\x00\x00\x00\x00\x00\x19""z{\xe5\x15\xce=\x00\x00\x00\x00\x00\x00\x00\x00\x86k\x9b""\x85\x8c\xcd=\x00\x00\x00\x00\x00\x00\x00\x00\xf4\xb0\xf9n\xd0\xbc\xcc=\x00\x00\x00\x00\x00\x00\x00\x00\xc2\x85\xe5R\x99X\xcc=\x00\x00\x00\x00\x00\x00\x00\x00\xa3J\xf4P-\x9a\xcb=\x00\x00\x00\x00\x00\x00\x00\x00E7\xed\xcf\x8f,\xca=\x00\x00\x00\x00\x00\x00\x00\x00\xfd\x1d\xe5\x13Pz\xc9=\x00\x00\x00\x00\x00\x00\x00\x00\xf3\xb3:\x8a5]\xc8=\x00\x00\x00\x00\x00\x00\x00\x00\xd3\xd3\xe1\xdaO\x15\xc8=\x00\x00\x00\x00\x00\x00\x00\x00\x00:\xa1ZS\xcc\xc7=\x00\x00\x00\x00\x00\x00\x00\x00\xa9#ef\'s\xc7=\x00\x00\x00\x00\x00\x00\x00\x00\x00\x8d\xc7\x83\x16\xdf\xc6=\x00\x00\x00\x00\x00\x00\x00\x00\xf4~\xb4aH\x98\xc5=\x00\x00\x00\x00\x00\x00\x00\x00\xda\xd3\xe0\x9a\xd8M\xc5=\x00\x00\x00\x00\x00\x00\x00\x00\xf72\x7f\xa5\xe5\xce\xc4=\x00\x00\x00\x00\x00\x00\x00\x00%:\xc2#\x86>\xc4=\x00\x00\x00\x00\x00\x00\x00\x00\xf9\'\x1e\x0c\xc4\xae\xc3=\x00\x00\x00\x00\x00\x00\x00\x00pI\xeb\xdb\x91z\xc3=\x00\x00\x00\x00\x00\x00\x00\x00R\xd9)""\x82=\xc2=\x00\x00\x00\x00\x00\x00\x00\x00\x00\xd9f&\xad\r\xc2=\x00\x00\x00\x00\x00\x00\x00\x00K\x8fx,\xecX\xc1=\x00\x00\x00\x00\x00\x00\x00\x009\xac\xbe\x03\x824\xc1=\x00\x00\x00\x00\x00\x00\x00\x00.\xfd\xdb\xe1\xad\x03\xc1=\x00\x00\x00\x00\x00\x00\x00\x00\xfb[O\x08\xd0r\xc0=\x00\x00\x00\x00\x00\x00\x00\x00\x18<\xd0i\xb7\xb4\xbf=\x00\x00\x00\x00\x00\x00\x00\x00\x05\xf8\x12O\xd1=\xbf=\x00\x00\x00\x00\x00\x00\x00\x00\n\x98\xd4\x947\xb1\xbe=\x00\x00\x00\x00\x00\x00\x00\x00\xf1\'i\xe0\xc5\x8a\xbd=\x00\x00\x00\x00\x00\x00\x00\x00g\xcf\xd3\x08\xcfC\xbd=\x00\x00\x00\x00\x00\x00\x00\x00\xccO&\xdaw\x98\xbc=\x00\x00\x00\x00\x00\x00\x00\x00\xecS\t\x03\x8c\xb0\xbb=\x00\x00\x00\x00\x00\x00\x00\x00\x9a\x8a\xf5`\x95J\xbb=\x00\x00\x00\x00\x00\x00\x00\x00\xfa\xaao\xe2Y\xc2\xba=\x00\x00\x00\x00\x00\x00\x00\x00\nn\x99\xbd \x12\xba=\x00\x00\x00\x00\x00\x00\x00\x00\xfdZ\xce,t\x8d\xb9=\x00\x00\x00\x00\x00\x00\x00\x00.1\xba{+\x84\xb8=\x00\x00\x00\x00\x00\x00\x00\x00\xafdJ:\x03""\xb8=\x00\x00\x00\x00\x00\x00\x00\x00\'\x15\xb8\x83\xd0\xb3\xb7=\x00\x00\x00\x00\x00\x00\x00\x00\xcd""\xc3?]-\xb7=\x00\x00\x00\x00\x00\x00\x00\x00{\xf3\xc3u\x81\xe6\xb6=\x00\x00\x00\x00\x00\x00\x00\x00\xc0\xee\x891ZX\xb6=\x00\x00\x00\x00\x00\x00\x00\x00\x12\x81\x02\xf7u:\xb5=\x00\x00\x00\x00\x00\x00\x00\x00C\x00\xe4\xc0)\xc1\xb4=\x00\x00\x00\x00\x00\x00\x00\x00`/vX&\xb8\xb4=\x00\x00\x00\x00\x00\x00\x00\x00\x8f\xa3\xf7\xba\xc5\xec\xb3=\x00\x00\x00\x00\x00\x00\x00\x00\xa4\xbbH\x1b\xdcJ\xb3=\x00\x00\x00\x00\x00\x00\x00\x00\xf6\xe0l\x90\x8c\xe4\xb2=\x00\x00\x00\x00\x00\x00\x00\x00q \x00\xfb\xf0\xa1\xb2=\x00\x00\x00\x00\x00\x00\x00\x00l,\xe9\\\xe9!\xb2=\x00\x00\x00\x00\x00\x00\x00\x00\x16\xdf\xf0\xf0&S\xb1=\x00\x00\x00\x00\x00\x00\x00\x00\xb1\x85\x89\'\xf6\xd3\xb0=\x00\x00\x00\x00\x00\x00\x00\x00\xd9c\xbc\xfa)\xb4\xb0=\x00\x00\x00\x00\x00\x00\x00\x00;\xa3\xbb\x15ag\xb0=\x00\x00\x00\x00\x00\x00\x00\x00C\x0e\x80\x90x\xb3\xaf=\x00\x00\x00\x00\x00\x00\x00\x00\xb2\x16GT=\xce\xae=\x00\x00\x00\x00\x00\x00\x00\x00\xac\toR\xd0\xa7\xad=\x00\x00\x00\x00\x00\x00\x00\x00\xe4\x91/`\x02T\xad=\x00\x00\x00\x00\x00\x00\x00\x00\x9f\'\xbe\xd5\x17\x18\xac=\x00\x00\x00\x00\x00\x00\x00\x00\x8f\x1d]<\xb4\xce\xab=\x00\x00\x00\x00\x00\x00\x00\x00\xebn\x19\xf3\xd3P\xab=\x00\x00\x00\x00\x00\x00\x00\x00\x026\\\xa5U\xce\xa9=\x00\x00\x00\x00\x00\x00\x00\x00\x0fA\xd9w\x1bd\xa9=\x00\x00\x00\x00\x00\x00\x00\x00\x1b\x9ad0a\x15\xa9=\x00\x00\x00\x00\x00\x00\x00\x00\x9d\xa7\xac\x90\xf1\xec\xa7=\x00\x00\x00\x00\x00\x00\x00\x00Y\x8fh\xf1\x1e\x99\xa7=\x00\x00\x00\x00\x00\x00\x00\x00\xcee\n\xb4\x1a,\xa7=\x00\x00\x00\x00\x00\x00\x00\x00\xfe\xe9\x0f\x83\xd7\xec\xa6=\x00\x00\x00\x00\x00\x00\x00\x00\x06\xd0\x0b\xe57j\xa6=\x00\x00\x00\x00\x00\x00\x00\x00\x83-&\xcf\xd1\xd7\xa5=\x00\x00\x00\x00\x00\x00\x00\x00\x10`\x1dY\x8br\xa5=\x00\x00\x00\x00\x00\x00\x00\x00\x9e\xbf[J\x02\x96\xa4=\x00\x00\x00\x00\x00\x00\x00\x00\xca\x94\xc1\xa3\x08T\xa4=\x00\x00\x00\x00\x00\x00\x00\x006\xe6~\xdfX\xf3\xa3=\x00\x00\x00\x00\x00\x00\x00\x00\x0es\xd0\xbc\x1eL\xa3=\x00\x00\x00\x00\x00\x00\x00\x00>\xcd\x12\x8f\x93\xc4\xa2=\x00\x00\x00\x00\x00\x00\x00\x00\xd6\x87Y\x887S\xa2=\x00\x00\x00\x00\x00\x00\x00\x007\x08\xda\x86+\t\xa2=\x00\x00\x00\x00\x00\x00\x00\x00\x12\xee\x9a\xa1\xbc\xc8\xa1=\x00\x00\x00\x00\x00\x00\x00\x00\xdd\x15\x88biA\xa1=\x00\x00\x00\x00\x00\x00\x00\x00\xa1\x9e\xbb\xe9\x04\x8d\xa0=\x00\x00\x00\x00\x00\x00\x00\x00\xf7F\xf8\x86\x85b\xa0=\x00\x00\x00\x00\x00\x00\x00\x00\xfbPn\'\xe5\x16\xa0=\x00\x00\x00\x00\x00\x00\x00\x00\xa3\xf8\\c\x91\x93\x9f=\x00\x00\x00\x00\x00\x00\x00\x00\x05\xa8\xc5\x8a\x96\x11\x9f=\x00\x00\x00\x00\x00\x00\x00\x00C\xffJ\nz\x9b\x9e=\x00\x00\x00\x00\x00\x00\x00\x00(\xc4\xa1b\xfbj\x9e=\x00\x00\x00\x00\x00\x00\x00\x00\x1c!\x85\xcb\xc73\x9d=\x00\x00\x00\x00\x00\x00\x00\x00\xa2`\xca/\x9e~\x9c=\x00\x00\x00\x00\x00\x00\x00\x00\xf3\xaf\x9e\x9b\x8c\xe4\x9b=\x00\x00\x00\x00\x00\x00\x00\x00\xe3\xa6\x91xG\x94\x9b=\x00\x00\x00\x00\x00\x00\x00\x00\x02\xfd\xe4(\xab4\x9b=\x00\x00\x00\x00\x00\x00\x00\x00!\xb2\xe3\x07\xd9\xc3\x9a=\x00\x00\x00\x00\x00\x00\x00\x00\xc9\xa98&\x07\x94\x99=\x00\x00\x00\x00\x00\x00\x00\x00\xb1}w\xfe(\xde\x98=\x00\x00\x00\x00\x00\x00\x00\x00\xe6d\xa2\x00\xb5\xfc\x97=\x00\x00\x00\x00\x00\x00\x00\x00\xc7\xa1\xf4\xcf\x14o\x97=\x00\x00\x00\x00\x00\x00\x00\x00\x97*\xe3]s\xf8\x96=\x00\x00\x00\x00\x00\x00\x00\x00;\xdeF0U#\x96=\x00\x00\x00\x00\x00\x00\x00\x007*\xc5\x07C\x92\x95=\x00\x00\x00\x00\x00\x00\x00\x00 \xb3;m\x16\x02\x95=\x00\x00\x00\x00\x00\x00\x00\x00[f\r\xcd\xe7\xe7\x94=\x00\x00\x00\x00\x00\x00\x00\x00\xf9\x8a\x9173]\x94=\x00\x00\x00\x00\x00\x00\x00\x00\x82Y\xd8\xb9R`\x93=\x00\x00\x00\x00\x00\x00\x00\x00\xd4>\x05\x94a\x1b\x93=\x00\x00\x00\x00\x00\x00\x00\x00L\xe3(V\xa4\x90\x92=\x00\x00\x00\x00\x00\x00\x00\x00\x16\x81\xdc\x83Qb\x92=\x00\x00\x00\x00\x00\x00\x00\x00A\xa6\x0c\xcea""\x92=\x00\x00\x00\x00\x00\x00\x00\x00\x14\x83\xe5\xe9\x16\x9a\x91=\x00\x00\x00\x00\x00\x00\x00\x00\xfd\x10\xe4G\x9b\x1b\x91=\x00\x00\x00\x00\x00\x00\x00\x00\xd6<n\x80\x13\xcc\x90=\x00\x00\x00\x00\x00\x00\x00\x00\x84\x88\x83\x93RG\x90=\x00\x00\x00\x00\x00\x00\x00\x00\'\x03\x04\x19\xbc\xc4\x8f=\x00\x00\x00\x00\x00\x00\x00\x00\x14\xbab\xb6*P\x8f=\x00\x00\x00\x00\x00\x00\x00\x00\r\xfa\x85\xc62\xdc\x8d=\x00\x00\x00\x00\x00\x00\x00\x00\xfb\x10\x00\xfd\xb8\xa2\x8c=\x00\x00\x00\x00\x00\x00\x00\x00\xa4\xeeN\xb2\xb2g\x8c=\x00\x00\x00\x00\x00\x00\x00\x00\x98\xd5}\xa7\xda\xbf\x8b=\x00\x00\x00\x00\x00\x00\x00\x00\xbd\x07p\xe7\xe1;\x8b=\x00\x00\x00\x00\x00\x00\x00\x00\xa6\xa9\xbb\x1eN\x99\x8a=\x00\x00\x00\x00\x00\x00\x00\x00\xb99""_\xa7A\x89=\x00\x00\x00\x00\x00\x00\x00\x009\xc2\xf0\xfc\x1f\xd8\x88=\x00\x00\x00\x00\x00\x00\x00\x00G\xb0x\xdb\xab\x8e\x88=\x00\x00\x00\x00\x00\x00\x00\x00&\x84+[\x9e\xca\x87=\x00\x00\x00\x00\x00\x00\x00\x00x$\x02j\x96\xab\x87=\x00\x00\x00\x00\x00\x00\x00\x00W\x9f+\xbd\x0f\xed\x86=\x00\x00\x00\x00\x00\x00\x00\x00\x1a\xfc(\xaa\xbcn\x86=\x00\x00\x00\x00\x00\x00\x00\x00&\xe3\xa4\x84V\x1d\x86=\x00\x00\x00\x00\x00\x00\x00\x00\x16\n\x95\xf3\xa0q\x85=\x00\x00\x00\x00\x00\x00\x00\x00\r\xf9\xe6\xfbd\xac\x84=\x00\x00\x00\x00\x00\x00\x00\x00t\x9c\xa1N\xc8S\x84=\x00\x00\x00\x00\x00\x00\x00\x00\xdcd\\P""\r\x84=\x00\x00\x00\x00\x00\x00\x00\x00\xd8z\xfe\t\xe1\xdd\x83=\x00\x00\x00\x00\x00\x00\x00\x00t\xdf{\x8c\xe3F\x83=\x00\x00\x00\x00\x00\x00\x00\x00\x1cuev2\xfd\x82=\x00\x00\x00\x00\x00\x00\x00\x00\xd5\x87Q\xd9a\xc1\x82=\x00\x00\x00\x00\x00\x00\x00\x00\xb0m|\xb2\x8aY\x82=\x00\x00\x00\x00\x00\x00\x00\x00Cxa\xa9\xb0~\x81=\x00\x00\x00\x00\x00\x00\x00\x00\xd6\xeeY\xa4\xad\x1b\x81=\x00\x00\x00\x00\x00\x00\x00\x00\xbc\xa5\xe8\xc4x\xa2\x80=\x00\x00\x00\x00\x00\x00\x00\x00\xe1MQr\xa4f\x80=\x00\x00\x00\x00\x00\x00\x00\x00\xbc\x90v\xb5\xf8;\x80=\x00\x00\x00\x00\x00\x00\x00\x00\x08w\xb4(\xfe\x18\x7f=\x00\x00\x00\x00\x00\x00\x00\x00*\x1bc%\xe1}~=\x00\x00\x00\x00\x00\x00\x00\x00\xe9\xcb\xf2\xa4T\xce}=\x00\x00\x00\x00\x00\x00\x00\x00\xf7\x8fbd\x10\x14}=\x00\x00\x00\x00\x00\x00\x00\x00\x18t\xb4\x1c:\xf3|=\x00\x00\x00\x00\x00\x00\x00\x00\xa7\xffr\x8e\'S|=\x00\x00\x00\x00\x00\x00\x00\x00\xc4\xc4R\xcd\xdb\x88{=\x00\x00\x00\x00\x00\x00\x00\x00w\xc0\x80\xe5\x07\x00{=\x00\x00\x00\x00\x00\x00\x00\x00\xc2\xc7yXk\\z=\x00\x00\x00\x00\x00\x00\x00\x00 \x06\x93q\x84]y=\x00\x00\x00\x00\x00\x00\x00\x00\xa7RF\xbd\x932y=\x00\x00\x00\x00\x00\x00\x00\x00\xa3\xba\x87\x05\xc0\xc5x=\x00\x00\x00\x00\x00\x00\x00\x00\xf1\xd2\xb7tiMx=\x00\x00\x00\x00\x00\x00\x00\x00\xd8\xa8\xf8\\\xcd;w=\x00\x00\x00\x00\x00\x00\x00\x00\xa2\xfc;$\x0f\x0ew=\x00\x00\x00\x00\x00\x00\x00\x00>\x02=\x01Qzv=\x00\x00\x00\x00\x00\x00\x00\x00\x14\xe0\xd1\xb4\xef\xe8u=\x00\x00\x00\x00\x00\x00\x00\x00K\xb7\xee\xd2\x95\x9fu=\x00\x00\x00\x00\x00\x00\x00\x00\x93\xbb\n\r\xef3u=\x00\x00\x00\x00\x00\x00\x00\x00<\x13~\xee\xf9\xb2t=\x00\x00\x00\x00\x00\x00\x00\x00M\xc05\xe2*\xcas=\x00\x00\x00\x00\x00\x00\x00\x00\xf5\xe0\x13\xcc\xf7\x87s=\x00\x00\x00\x00\x00\x00\x00\x00\xdd\xcd\xb1\xee,bs=\x00\x00\x00\x00\x00\x00\x00\x00\xfdb\xdb!qvr=\x00\x00\x00\x00\x00\x00\x00\x00sL?\xed\xaa\x1cr=\x00\x00\x00\x00\x00\x00\x00\x00i\xbb\xc7\x12c\xe3q=\x00\x00\x00\x00\x00\x00\x00\x00\xbb.\xa0\xb3\xec\x99q=\x00\x00\x00\x00\x00\x00\x00\x00=\xfa\xb51e%q=\x00\x00\x00\x00\x00\x00\x00\x00\xfa)\xed9h\xcdp=\x00\x00\x00\x00\x00\x00\x00\x00\xce\tU@Olp=\x00\x00\x00\x00\x00\x00\x00\x00u\xfe\xab\x9c \xd9o=\x00\x00\x00\x00\x00\x00\x00\x00\xe4\n(\x15\x00\x11o=\x00\x00\x00\x00\x00\x00\x00\x00<5\xf4\xdd<\xc2n=\x00\x00\x00\x00\x00\x00\x00\x00\xff\xfe\x9a\xf0i\x85m=\x00\x00\x00\x00\x00\x00\x00\x00s\x02\n\xc1%\xeel=\x00\x00\x00\x00\x00\x00\x00\x00h\'\xc9\xf7\x1d\x10l=\x00\x00\x00\x00\x00\x00\x00\x00\x9c/Ay\xc9Rk=\x00\x00\x00\x00\x00\x00\x00\x00V\xec\xc8\x0cl9k=\x00\x00\x00\x00\x00\x00\x00\x00\x8a\x19\xd4\xa5\xca\x89j=\x00\x00\x00\x00\x00\x00\x00\x00(~\x87\xc3\xda\xcai=\x00\x00\x00\x00\x00\x00\x00\x00_MaY!\xb5i=\x00\x00\x00\x00\x00\x00\x00\x00\xc1\xb1jE\xab2i=\x00\x00\x00\x00\x00\x00\x00\x001\xaeN5\xecdh=\x00\x00\x00\x00\x00\x00\x00\x00\x1c\xca\xf9}x+h=\x00\x00\x00\x00\x00\x00\x00\x00\x9f\xd7?\xd7vMg=\x00\x00\x00\x00\x00\x00\x00\x00\xda\xea\x85\xe2`\xc2f=\x00\x00\x00\x00\x00\x00\x00\x003o\xd5^~\xb7f=\x00\x00\x00\x00\x00\x00\x00\x00\xcf\x84rj\xf8\xf1e=\x00\x00\x00\x00\x00\x00\x00\x00\xb6\xd6\\O\xca\xd7e=\x00\x00\x00\x00\x00\x00\x00\x00.\x8b\xbc\xde-\x86e=\x00\x00\x00\x00\x00\x00\x00\x00I\xdd#3\xf8\xe4d=\x00\x00\x00\x00\x00\x00\x00\x00\xc3\xa0+\xd6\x1e\xc0d=\x00\x00\x00\x00\x00\x00\x00\x00\x19\x99\x80\xbfx\xf8c=\x00\x00\x00\x00\x00\x00\x00\x00\xacW\x84\xdcV\x93c=\x00\x00\x00\x00\x00\x00\x00\x00$\xd7{I\x9c\x00c=\x00\x00\x00\x00\x00\x00\x00\x00\xa7F\x97}\xac\x9db=\x00\x00\x00\x00\x00\x00\x00\x00\t\xda\xeb\x8a\x0f\x19b=\x00\x00\x00\x00\x00\x00\x00\x00\x1e)C\x9f\xb9\x89a=\x00\x00\x00\x00\x00\x00\x00\x00Q\n\x0075ha=\x00\x00\x00\x00\x00\x00\x00\x00k\xf5\x94H\x9c\x12a=\x00\x00\x00\x00\x00\x00\x00\x00\xf9\xaf\xc7\x8f\xf5\xe8`=\x00\x00\x00\x00\x00\x00\x00\x00I\xaa[\x81\t\x8c`=\x00\x00\x00\x00\x00\x00\x00\x00\xd4>\xad%\xdd\xc7_=\x00\x00\x00\x00\x00\x00\x00\x00Q\rU;a<_=\x00\x00\x00\x00\x00\x00\x00\x00\x19,\x15\xb7j\x89]=\x00\x00\x00\x00\x00\x00\x00\x00\xfa\x16B\x89+\xf8\\=\x00\x00\x00\x00\x00\x00\x00\x00\x92\x11\xc1:\xe0\x86\\=\x00\x00\x00\x00\x00\x00\x00\x00\x91s\xd5\x81eV\\=\x00\x00\x00\x00\x00\x00\x00\x005V\x1fU\x8dz[=\x00\x00\x00\x00\x00\x00\x00\x00\x1cl:\x0e;\xe1Z=\x00\x00\x00\x00\x00\x00\x00\x00\x13\xf6\xae\x8cg\x92Z=\x00\x00\x00\x00\x00\x00\x00\x00\xc7\xa5c:\x1d4Z=\x00\x00\x00\x00\x00\x00\x00\x00q\xbbqA\xc4\x93Y=\x00\x00\x00\x00\x00\x00\x00\x00\xea\xe1\x8bB\xed\xe6X=\x00\x00\x00\x00\x00\x00\x00\x00`\xdc\xa9 \xbf\rX=\x00\x00\x00\x00\x00\x00\x00\x00>\xd0O\xa0\x02\xc2W=\x00\x00\x00\x00\x00\x00\x00\x00\xa41\xe1\xf6\xafdW=\x00\x00\x00\x00\x00\x00\x00\x00\xef\x9e\xd8e\xd3\xd2V=\x00\x00\x00\x00\x00\x00\x00\x00)kDN\x15#V=\x00\x00\x00\x00\x00\x00\x00\x002;#\r\xb4\xfcU=\x00\x00\x00\x00\x00\x00\x00\x00O\xa2tI\x1c_U=\x00\x00\x00\x00\x00\x00\x00\x00]<\xcd\xf1\xd6\x02U=\x00\x00\x00\x00\x00\x00\x00\x00\xabn\xea?#\x81T=\x00\x00\x00\x00\x00\x00\x00\x00\xed\xea\xd5e10T=\x00\x00\x00\x00\x00\x00\x00\x00\x05\xb5B3$\x00T=\x00\x00\x00\x00\x00\x00\x00\x00\xc2<1F\xe3\x93S=\x00\x00\x00\x00\x00\x00\x00\x00\xb6\x94\x1b\xc3\xe6AS=\x00\x00\x00\x00\x00\x00\x00\x00\xce\xd89S\xec\xa5R=\x00\x00\x00\x00\x00\x00\x00\x00\xa5\x16m\x12\x9e!R=\x00\x00\x00\x00\x00\x00\x00\x00\x08""7\xc2\x02\xabQ=\x00\x00\x00\x00\x00\x00\x00\x00r%\xdd\xb2\xcaIQ=\x00\x00\x00\x00\x00\x00\x00\x00V\x00\xba\n\x9a\xf4P=\x00\x00\x00\x00\x00\x00\x00\x00\xbcb\xb4\xb5\xb2LP=\x00\x00\x00\x00\x00\x00\x00\x00j\xfa\x1e\x82\xb9AP=\x00\x00\x00\x00\x00\x00\x00\x00;\x00\xddE\xf5\xfcO=\x00\x00\x00\x00\x00\x00\x00\x00\x18W\xb3\x0b\x16\xfaN=\x00\x00\x00\x00\x00\x00\x00\x00\xb9n\x8f5UBN=\x00\x00\x00\x00\x00\x00\x00\x00\xa9\xb0G\xc5@LM=\x00\x00\x00\x00\x00\x00\x00\x00\xeb\xc3\x13z\xcc\xe6L=\x00\x00\x00\x00\x00\x00\x00\x00\x84\xa1\x13s-^L=\x00\x00\x00\x00\x00\x00\x00\x00\xf6""\x19\xb2\xb7\xbfK=\x00\x00\x00\x00\x00\x00\x00\x00\x01;\x8aK\niJ=\x00\x00\x00\x00\x00\x00\x00\x00\x0b\x93\x7f`\xea\x1cJ=\x00\x00\x00\x00\x00\x00\x00\x00\xac<y\xact\x89I=\x00\x00\x00\x00\x00\x00\x00\x00\xb7\x10\xb0r\xbf\xb3H=\x00\x00\x00\x00\x00\x00\x00\x00\xfa\xcc\x1e$\x88MH=\x00\x00\x00\x00\x00\x00\x00\x00^\xae\x80\xd5\xd0\x95G=\x00\x00\x00\x00\x00\x00\x00\x00&O\xdf\xf2\x85%G=\x00\x00\x00\x00\x00\x00\x00\x00\x83\xc4:k\xae\xb8F=\x00\x00\x00\x00\x00\x00\x00\x00\xaa\x0ep\x90\xe1\xd5E=\x00\x00\x00\x00\x00\x00\x00\x00\xcf-\xe1\\U~E=\x00\x00\x00\x00\x00\x00\x00\x00a\xba\xdf\x8dy\xf1D=\x00\x00\x00\x00\x00\x00\x00\x00\xa8\xad\xfe\x9dg@D=\x00\x00\x00\x00\x00\x00\x00\x00q\xdbL\xb1\x0b0D=\x00\x00\x00\x00\x00\x00\x00\x00\x1e\xde\xd5\xc6N\xadC=\x00\x00\x00\x00\x00\x00\x00\x00\x86\xe3L\xf1\x8b%C=\x00\x00\x00\x00\x00\x00\x00\x00\x83g\x15v\xe9\xceB=\x00\x00\x00\x00\x00\x00\x00\x00\xd8\xc00ECxB=\x00\x00\x00\x00\x00\x00\x00\x00o.\xfe\x85\x12\xe8A=\x00\x00\x00\x00\x00\x00\x00\x00D\x844=\x1d\xb4A=\x00\x00\x00\x00\x00\x00\x00\x00\xe9\x08\xd7o\x15iA=\x00\x00\x00\x00\x00\x00\x00\x00\xe2\x9f~k\x96\xf2@=\x00\x00\x00\x00\x00\x00\x00\x00\xdc\xb3\xf5\x82\xf4l@=\x00\x00\x00\x00\x00\x00\x00\x00\x90\xe9N\x0fH\x1f@=\x00\x00\x00\x00\x00\x00\x00\x00\xd3[\xa5\x7f\x80\xd9?=\x00\x00\x00\x00\x00\x00\x00\x00\xa8\xd8\x1b\xbd\x05\x8e>=\x00\x00\x00\x00\x00\x00\x00\x00\x8b\x92\xabw\xfa\xcb==\x00\x00\x00\x00\x00\x00\x00\x00U\xa0F0.@==\x00\x00\x00\x00\x00\x00\x00\x00\xff\xe3\x0f\xd9\xa5\xd8<=\x00\x00\x00\x00\x00\x00\x00\x00\x14\xc8\xc4\x9f# <=\x00\x00\x00\x00\x00\x00\x00\x007\xb27s\x90\xd6;=\x00\x00\x00\x00\x00\x00\x00\x00\xb5\x15\xa1&\xa0Q;=\x00\x00\x00\x00\x00\x00\x00\x00\x95\xa8\xa9\x04\xe7\x8e:=\x00\x00\x00\x00\x00\x00\x00\x00\xc8\xf1\xe5\x15 S:=\x00\x00\x00\x00\x00\x00\x00\x00\xfd\xde\x98^\xd9\x909=\x00\x00\x00\x00\x00\x00\x00\x00y\xd1cD\xb269=\x00\x00\x00\x00\x00\x00\x00\x00\xb2\x9b\xc3D\xb1`8=\x00\x00\x00\x00\x00\x00\x00\x00\xf6\xab\xa9\x14\x0fN8=\x00\x00\x00\x00\x00\x00\x00\x00\xf6\'\xf5\x14\xaa\xe57=\x00\x00\x00\x00\x00\x00\x00\x00\x03\xf6D\x03\x80\xf36=\x00\x00\x00\x00\x00\x00\x00\x00\xf4\xf5\xf3^\x07\x7f6=\x00\x00\x00\x00\x00\x00\x00\x00\x02\xf0!V\xf8\x166=\x00\x00\x00\x00\x00\x00\x00\x00\xf3t\x1dv\x92\xc85=\x00\x00\x00\x00\x00\x00\x00\x00\xdd\x8d\xafFc\x9b5=\x00\x00\x00\x00\x00\x00\x00\x00fB\x93\x01w\xdf4=\x00\x00\x00\x00\x00\x00\x00\x00\xb0^\x88\xd7u\xe53=\xdf\x95\xcc\xb2/]\xb7<\xb0^\x88\xd7u\xe53=\xdf\x95\xcc\xb2/]\xb7\xbc\xcaO$\x164.3=\x00\x00\x00\x00\x00\x00\x00\x00|\xa2>\x93\xecQ2=\x9b\xd3$a\x95\xc8\x95<|\xa2>\x93\xecQ2=\x9b\xd3$a\x95\xc8\x95\xbc\xe9<V\x0fA\xdc1=\x00\x00\x00\x00\x00\x00\x00\x00\xf1S\xa1\x841\xaf1=\x00\x00\x00\x00\x00\x00\x00\x00\x97:\xf7H\x1a%1=\x00\x00\x00\x00\x00\x00\x00\x00\x9f\xee+\x83\x94\xcd0=\x00\x00\x00\x00\x00\x00\x00\x00\x9el:B,\x880=\x00\x00\x00\x00\x00\x00\x00\x00\x91 \x95\xc1\xba/0=\x00\x00\x00\x00\x00\x00\x00\x00\x11V\x9e\x1c\xca\xa1/=\x00\x00\x00\x00\x00\x00\x00\x00\xf4\xa0i\xb3+\x86.=""\xd6\xc4\xed2\xa2\xb6<\xf4\xa0i\xb3+\x86.=""\xd6\xc4\xed2\xa2\xb6\xbcJm\xa4\x8bc\xc3-=\x00\x00\x00\x00\x00\x00\x00\x00R@\xa8\xbeW|-=\x00\x00\x00\x00\x00\x00\x00\x00\x0c\xa7\x1eP\xa9\xf5,=\x00\x00\x00\x00\x00\x00\x00\x00\xe4g_D\xf2\xbd,=\x00\x00\x00\x00\x00\x00\x00\x00\x8a\xe5`\x01\x8a$,=\x00\x00\x00\x00\x00\x00\x00\x00\x80P\xb2Dv\xb5*=\x8bu\x80\xffv\t\xb8<\x80P\xb2Dv\xb5*=\x8bu\x80\xffv\t\xb8\xbc\xac\x02\xd4X\xf0\xf2)=\x00\x00\x00\x00\x00\x00\x00\x00\x00S\xb8\xa7Pv)=\x00\x00\x00\x00\x00\x00\x00\x00\x85\xd7\x89\x8f\xb1\xb0(=G\x88\xea\x1a\xdbm\xcb<\x85\xd7\x89\x8f\xb1\xb0(=G\x88\xea\x1a\xdbm\xcb\xbc\x19\xde\x82\x89\x885(=\x00\x00\x00\x00\x00\x00\x00\x00\xa4\xfdr}\x9di\'=\xcf\x93\x9d\xe2QC\xba<\xa4\xfdr}\x9di\'=\xcf\x93\x9d\xe2QC\xba\xbc\'\xec\xdf\xfe\x9b\xdb%=\x00\x00\x00\x00\x00\x00\x00\x00\xad\x1c\xb9\xdf\xc8Q%=\x00\x00\x00\x00\x00\x00\x00\x00K\x9bS1""\x04%=\x00\x00\x00\x00\x00\x00\x00\x00\x04\xf6?\xf9\xe4I$=\x8e`\x84\xf7\xef\x9f\xca<\x04\xf6?\xf9\xe4I$=\x8e`\x84\xf7\xef\x9f\xca\xbc\x1c-6PpX$=\x00\x00\x00\x00\x00\x00\x00\x00\xd0U\xdf\x11<i#=\x00\x00\x00\x00\x00\x00\x00\x00\x05\x13Uw\xf6)#=\x00\x00\x00\x00\x00\x00\x00\x00\xe8W\x1a/p\xe1""=\x00\x00\x00\x00\x00\x00\x00\x00\xa6H/\x9b\xea\xf0!=\x8c\xbd\xbc\xc7hI\xb2<\xa6H/\x9b\xea\xf0!=\x8c\xbd\xbc\xc7hI\xb2\xbc\x00\x94 \x19\xfda!=Ip\xb1bR\x8b\xb6<\x00\x94 \x19\xfda!=Ip\xb1bR\x8b\xb6\xbc\xee\xc4\xb7\x9a\xc3\xc7 =\xd6Rc\x14\xfas\xbe<\xee\xc4\xb7\x9a\xc3\xc7 =\xd6Rc\x14\xfas\xbe\xbcV\xbe|z\xa0  =\xa0\x8b\x045i\xca\xa7<V\xbe|z\xa0  =\xa0\x8b\x045i\xca\xa7\xbc :\xb7\x10\x0b\x00\x1f=\x1fv\x99\xe6\r\x94\xba< :\xb7\x10\x0b\x00\x1f=\x1fv\x99\xe6\r\x94\xba\xbc\xbc!3""8\xd1\x1d=\x89\xe3\xfe\xaf\xa13\xa3<\xbc!3""8\xd1\x1d=\x89\xe3\xfe\xaf\xa13\xa3\xbc\xe1E:m\x03\x1a\x1d=\x00\x00\x00\x00\x00\x00\x00\x00\xf9\x0e\xac\xa0\xb2.\x1c=\x00\x00\x00\x00\x00\x00\x00\x00\x16\xf8\xb8\x8a\x01\xc2\x1b=C\x83\x90\xfd;\xeb\xaa<\x16\xf8\xb8\x8a\x01\xc2\x1b=C\x83\x90\xfd;\xeb\xaa\xbcT\xa16O[\x90\x1a=\x00\x00\x00\x00\x00\x00\x00\x00\x8e|=\xc0\x11n\x1a=\x00\x00\x00\x00\x00\x00\x00\x00\x14\x0e\x82z\xfb\x9b\x19=\x00\x00\x00\x00\x00\x00\x00\x00g{\xf4\xa4\x14\x8c\x18=\x00\x00\x00\x00\x00\x00\x00\x00\xaa\xc85\xe5&D\x18=A@\xa5k\xa2n\xbb<\xaa\xc85\xe5&D\x18=A@\xa5k\xa2n\xbb\xbc+\x83\x05\xb2\xc7G\x17=\x00\x00\x00\x00\x00\x00\x00\x00^\xaa:\x81I\xd8\x16=\x03i^r\xd0\xb6\xd8<^\xaa:\x81I\xd8\x16=\x03i^r\xd0\xb6\xd8\xbc\x08""\xdf\xcfu~\x16=\x00\x00\x00\x00\x00\x00\x00\x00N\xc4\xd2d\xdb\xb5\x15=M@\x82z\xe5W\xd2<N\xc4\xd2d\xdb\xb5\x15=M@\x82z\xe5W\xd2\xbcQ\xb0\x9fa6\xd6\x15=\x00\x00\x00\x00\x00\x00\x00\x00\xf9\xbb\xcd\x00[\n\x15=\x00\x00\x00\x00\x00\x00\x00\x00H\x01\xb7\x87\xd0\xbd\x14=\x00\x00\x00\x00\x00\x00\x00\x00\xe8\x9f\x82{\x83\xf7\x13=\x00\x00\x00\x00\x00\x00\x00\x00I\x01_S\xb3\xa7\x13=\x00\x00\x00\x00\x00\x00\x00\x00\'r\x8dW\xb6#\x13=\xf2\xff\x89h\x1b\xc3\xbe<\'r\x8dW\xb6#\x13=\xf2\xff\x89h\x1b\xc3\xbe\xbc\xe8m\'\xfbM0\x07=\xa3\x1a\x9bA<\x17\x07=\xe8m\'\xfbM0\x07=\xa3\x1a\x9bA<\x17\x07\xbd\xadX\xc2\xdc\xa6\x08\x12=Q\xe7\x9d$\x82\xe3\xb4<\xadX\xc2\xdc\xa6\x08\x12=Q\xe7\x9d$\x82\xe3\xb4\xbc\xda\xf0\xf7\x14\x1d5\x11=\xebC\x83\x93w\x04\xb3<\xda\xf0\xf7\x14\x1d5\x11=\xebC\x83\x93w\x04\xb3\xbc\x84\xd5T\x9a\xb8\x13\x11=\xf8\x9c\xd3\xf1\xd0\xb5\xb3<\x84\xd5T\x9a\xb8\x13\x11=\xf8\x9c\xd3\xf1\xd0\xb5\xb3\xbc6\x0e\xe7a\xef\x87\x10=\xd4\xd3{\x93 \x92\xc7<6\x0e\xe7a\xef\x87\x10=\xd4\xd3{\x93 \x92\xc7\xbca\xc7\xe8\tD\x1c\x10=\x00\x00\x00\x00\x00\x00\x00\x00Xq]\xc1y\xb5\xf3<\xc6\x80\x80,\\}\x07=Xq]\xc1y\xb5\xf3<\xc6\x80\x80,\\}\x07\xbd\x88(\xbe\x12gW\x0e= \xd2^\xab\xa1\xe9\x88<\x88(\xbe\x12gW\x0e= \xd2^\xab\xa1\xe9\x88\xbcmv3a\x9c\x85\r=\x00\x00\x00\x00\x00\x00\x00\x00\xf3\x86?\x8d\x9en\x0c=\x9a\xcb\xc3\xdaV\x00\xcb<\xf3\x86?\x8d\x9en\x0c=\x9a\xcb\xc3\xdaV\x00\xcb\xbc\xff\x81\xbaD\x13\xf3\x0c=\x00\x00\x00\x00\x00\x00\x00\x00\x08\xcc\x96\xe6K\x85\x0c=\x00\x00\x00\x00\x00\x00\x00\x00\x02F\x87\x0c<6\x06\xbd\x83X\x91\xeb\xad\xa1\xdb<\x02F\x87\x0c<6\x06\xbd\x83X\x91\xeb\xad\xa1\xdb\xbc\xfaOx&\x97j\n=""\xa8\xdc\x9d\x13n\xc9<\xfaOx&\x97j\n=""\xa8\xdc\x9d\x13n\xc9\xbc<j\xd6\x95\xc5\xd6\t=\x00\x00\x00\x00\x00\x00\x00\x00\xf2\xb6/\x1cNE\x08=\x89\xf3\xe2<0\xe1\xc5<\xf2\xb6/\x1cNE\x08=\x89\xf3\xe2<0\xe1\xc5\xbc\xbc\xea\x18,\x07@\x07=\x8d\xbb|\xa9\xff \xd6<\xbc\xea\x18,\x07@\x07=\x8d\xbb|\xa9\xff \xd6\xbc\xc1\x04h]d\xdb\x07=\x00\x00\x00\x00\x00\x00\x00\x00\x1d\t\x91n\x05_\x07=\xa5\xe7\x10\xb5\rN\x8c<\x1d\t\x91n\x05_\x07=\xa5\xe7\x10\xb5\rN\x8c\xbc\xac\xdd1\x8f\xc6\xf7\x06=|\xba-?\r\x8b\xc6<\xac\xdd1\x8f\xc6\xf7\x06=|\xba-?\r\x8b\xc6\xbc.\xf12a\x824\x02\xbdD0\xa8\x05m\xb3\xe0<.\xf12a\x824\x02\xbdD0\xa8\x05m\xb3\xe0\xbcP\xd5\x93\xe8DK\xec\xbc!\xbcK\xa4\xe3\x14\x01=P\xd5\x93\xe8DK\xec\xbc!\xbcK\xa4\xe3\x14\x01\xbd\x8c6qA\x10\x19\xfd\xbc}\xbe\xca4}\xbf\xf3<\x8c6qA\x10\x19\xfd\xbc}\xbe\xca4}\xbf\xf3\xbct\x8c`\xfd\xaaZ\x04=$\xb1\xe6\x1a\xc8""\xe2<t\x8c`\xfd\xaaZ\x04=$\xb1\xe6\x1a\xc8""\xe2\xbc\xaa\xbeM\x8c\x1c|\x05=\x00\x00\x00\x00\x00\x00\x00\x00\x1d\x04\xacs6L\x01\xbd\x00\x00\x00\x00\x00\x00\x00\x00\x06\xad\xc5\xfa\'\xc1\x04=\x00\x00\x00\x00\x00\x00\x00\x00\x9b\xbc\x1d#\xf80\x04=$\xb1`\xf6\xf8n\xc9<\x9b\xbc\x1d#\xf80\x04=$\xb1`\xf6\xf8n\xc9\xbc\x11I\x02I\xf7H\x04=\x00\x00\x00\x00\x00\x00\x00\x00\xe8\x1bc\xa2\xd3\xa7\xfe<O\x16\x98j\xe9\xf0\xf2<\xe8\x1bc\xa2\xd3\xa7\xfe<O\x16\x98j\xe9\xf0\xf2\xbc\xe4\xe9\xf1_\x9b|\xf7\xbc\xf4\xd9\x9dF\x93\xdf\xf6<\xe4\xe9\xf1_\x9b|\xf7\xbc\xf4\xd9\x9dF\x93\xdf\xf6\xbc`\xfe\xe2\xe25\x81\x03=U\x9c\xc5B\xaa\xa5\xcc<`\xfe\xe2\xe25\x81\x03=U\x9c\xc5B\xaa\xa5\xcc\xbc<B\xdd\x80,Q\xfe\xbc\xb9VW\xa9\x88O\xe7<<B\xdd\x80,Q\xfe\xbc\xb9VW\xa9\x88O\xe7\xbc\x18\xc7\xe3\x1d""\xd2\x00=k`\x11]\x9f\xc2\xe9<\x18\xc7\xe3\x1d""\xd2\x00=k`\x11]\x9f\xc2\xe9\xbc\xec\xed\x96\x07\xe6\x9e\xa0\xbc\xfdx\x9ew3\xc0\xff<\xec\xed\x96\x07\xe6\x9e\xa0\xbc\xfdx\x9ew3\xc0\xff\xbc\xf8\x88\x95\x1c\x91\xc9\x01=<v)\xb2\xc2\x9f\xde<\xf8\x88\x95\x1c\x91\xc9\x01=<v)\xb2\xc2\x9f\xde\xbc\x9cC\x8d\xab\x83S\x02=\xc8gH<\xf6\x9b\xcc<\x9cC\x8d\xab\x83S\x02=\xc8gH<\xf6\x9b\xcc\xbc9\xe6I\xa5\xbbd\x02=\xc6\xe3\x1f\x8a(:\xb4<9\xe6I\xa5\xbbd\x02=\xc6\xe3\x1f\x8a(:\xb4\xbc\xdc\xef $\xaf\xf1\x00=oIJ\xae\t0\xe2<\xdc\xef $\xaf\xf1\x00=oIJ\xae\t0\xe2\xbc\x1c\xa2\xea\x87\xfd\xe5\xf4<b\x83\xc8\x06\x10\xb5\xf8<\x1c\xa2\xea\x87\xfd\xe5\xf4<b\x83\xc8\x06\x10\xb5\xf8\xbch\x1f,\xea\xae\x89\x01=\xbb\x1a+\xd3v5\xd0<h\x1f,\xea\xae\x89\x01=\xbb\x1a+\xd3v5\xd0\xbc\x80\x11\x93\xc2\x04\xc0\x01=\x00\x00\x00\x00\x00\x00\x00\x00\xe7:\xe0%\xac,\x00=\x83pa#0\x05\xe4<\xe7:\xe0%\xac,\x00=\x83pa#0\x05\xe4\xbc\xcbI\xde\x99\xe81\x01=\x00\x00\x00\x00\x00\x00\x00\x00\x88!\x1el\x8d\xb3\xfb<D\x1b1N\x9a\xcf\xef<\x88!\x1el\x8d\xb3\xfb<D\x1b1N\x9a\xcf\xef\xbc|\xaf\xdf\xcf`\xd3\xe1<^o=\xa0E\x8d\xfd<|\xaf\xdf\xcf`\xd3\xe1<^o=\xa0E\x8d\xfd\xbc\xc9\xe5\xbb\x18A\x80\xea\xbc\xa8\x8f3\xb9vl\xfb<\xc9\xe5\xbb\x18A\x80\xea\xbc\xa8\x8f3\xb9vl\xfb\xbc\x00\xd7\t\xae\x05\x83\x86<\xbbE\xf5z\xdf_\xfe<\x00\xd7\t\xae\x05\x83\x86<\xbbE\xf5z\xdf_\xfe\xbc)\xec\xf4\xf6oj\xf2<T\xd4\x8bt\x85w\xf8<)\xec\xf4\xf6oj\xf2<T\xd4\x8bt\x85w\xf8\xbcU\xad9\xc9\xd4\xb3\xd4\xbc\xf3\xbe\xc4c\x85\x95\xfd<U\xad9\xc9\xd4\xb3\xd4\xbc\xf3\xbe\xc4c\x85\x95\xfd\xbc\x13V\xd6\xdb\x8a\x9a\xf5<.BU&\xcco\xf5<\x13V\xd6\xdb\x8a\x9a\xf5<.BU&\xcco\xf5\xbc\xd2Ax\xea\xc8j\xfd\xbc\x83h\xba2\x9a\xd7\xe2<\xd2Ax\xea\xc8j\xfd\xbc\x83h\xba2\x9a\xd7\xe2\xbc\x90\x96\xaamA\x8d\xfa\xbc\xb4Si\xb7\xfdB\xef<\x90\x96\xaamA\x8d\xfa\xbc\xb4Si\xb7\xfdB\xef\xbc\\\x81\xe9\x85\xf8\xfd\xe3<l:}6B\x8a\xfa<\\\x81\xe9\x85\xf8\xfd\xe3<l:}6B\x8a\xfa\xbc\xf0 \xbb\x0ej[\xd4<)\xf1\xd6\xf8\x14)\xfc<\xf0 \xbb\x0ej[\xd4<)\xf1\xd6\xf8\x14)\xfc\xbcX\\%\xc6\xad\x00\xf7\xbc\xe0\x98v\xa1B\xeb\xf2<X\\%\xc6\xad\x00\xf7\xbc\xe0\x98v\xa1B\xeb\xf2\xbc\xc2,\xe4D\xcb\x8c\xf0\xbcWO\x03R#\xba\xf5<\xc2,\xe4D\xcb\x8c\xf0\xbcWO\x03R#\xba\xf5\xbcD<\xdd\xb8M\x18\xfd\xbc\xa0A\xda\xc4Ls\xd5<D<\xdd\xb8M\x18\xfd\xbc\xa0A\xda\xc4Ls\xd5\xbc\x0e\xa477\x15\xc9\xf4\xbc\xd3\xae\xc8\x99\x03L\xf3<\x0e\xa477\x15\xc9\xf4\xbc\xd3\xae\xc8\x99\x03L\xf3\xbcy\x9b\xa9#\xcd.\xf9\xbc\x0b\xb1x\xf4!\x04\xed<y\x9b\xa9#\xcd.\xf9\xbc\x0b\xb1x\xf4!\x04\xed\xbc\x8e\x8c\x02\x18\x08@\xed\xbc\x13\x94p\xdcW@\xf8<\x8e\x8c\x02\x18\x08@\xed\xbc\x13\x94p\xdcW@\xf8\xbcTH\xac`1\xc9\xfd\xbc\x00\x00\x00\x00\x00\x00\x00\x00\xe4\xe5C\xb6\xfde\xf9\xbc\xad\xc9\xc5L\x83\x97\xe9<\xe4\xe5C\xb6\xfde\xf9\xbc\xad\xc9\xc5L\x83\x97\xe9\xbcI\xfdRc\xa2\xe5\xf6\xbco\x17\xfb\x8e\xc85\xf0<I\xfdRc\xa2\xe5\xf6\xbco\x17\xfb\x8e\xc85\xf0\xbc0\xe1\x8c\xf9\xef\xfc\xe7\xbc2@:@m\xcb\xf8<0\xe1\x8c\xf9\xef\xfc\xe7\xbc2@:@m\xcb\xf8\xbc\x9e&\xd4\x05H\xf9\xf9\xbc8\xa4\xf6\xa3?Y\xe4<\x9e&\xd4\x05H\xf9\xf9\xbc8\xa4\xf6\xa3?Y\xe4\xbc&r%r\xf2\xf5\xd9<c\x16\xae[f\xfd\xfa<&r%r\xf2\xf5\xd9<c\x16\xae[f\xfd\xfa\xbc/K\x13?\x88k\xa9\xbc?\xa40\xb0\xffc\xfb</K\x13?\x88k\xa9\xbc?\xa40\xb0\xffc\xfb\xbc\xea\nU\x0ft\x04\xfc\xbcd&\xbc\xa0\xb3?\xd3<\xea\nU\x0ft\x04\xfc\xbcd&\xbc\xa0\xb3?\xd3\xbc\xbd\x1cZfH.\xfc\xbc\xf2i \xcaw\xf7\xc4<\xbd\x1cZfH.\xfc\xbc\xf2i \xcaw\xf7\xc4\xbc\xcaXE\xfc\xed\x9b\x00=\x10S`\xa7\x98k\xcb<\xcaXE\xfc\xed\x9b\x00=\x10S`\xa7\x98k\xcb\xbc\xceSk\xa5m\xbb\xbc\xbc)\xd9%:[\xbc\xfa<\xceSk\xa5m\xbb\xbc\xbc)\xd9%:[\xbc\xfa\xbc\xf4(\x8d\x0bD\'\xe9<=\xd7\xd5\xc1H\x93\xf8<\xf4(\x8d\x0bD\'\xe9<=\xd7\xd5\xc1H\x93\xf8\xbc8\xb5\xb8T\xa9\xfb\xfb\xbc\xf9\x1e\x9fw9\x16\xba<8\xb5\xb8T\xa9\xfb\xfb\xbc\xf9\x1e\x9fw9\x16\xba\xbc\xd8R\xde-\xfc\x8b\x00=-K\xb5J4\xbc\xc0<\xd8R\xde-\xfc\x8b\x00=-K\xb5J4\xbc\xc0\xbc\xcc\x18\n\x8b\xce\xf8\xff<mQ,!\x9c\xbd\xd7<\xcc\x18\n\x8b\xce\xf8\xff<mQ,!\x9c\xbd\xd7\xbc\xe8\xc9/\xbf\xfa\xc6\xfb<\x14~\xcc\xb6\xb2=\xe8<\xe8\xc9/\xbf\xfa\xc6\xfb<\x14~\xcc\xb6\xb2=\xe8\xbc\xf2\xd4\xe8\x00\xcej\xfe<ZD\xc2\x17+p\xde<\xf2\xd4\xe8\x00\xcej\xfe<ZD\xc2\x17+p\xde\xbc\x0f\x85Rc\xd6\n\xf5<\x94O\x0b\xc3\xb1%\xf3<\x0f\x85Rc\xd6\n\xf5<\x94O\x0b\xc3\xb1%\xf3\xbcR\xfat\xc6\xd6\x08\x00=\xaa\x8c=\xf7\x12\x12\xc3<R\xfat\xc6\xd6\x08\x00=\xaa\x8c=\xf7\x12\x12\xc3\xbc\xd6b\x9cE\\\x9f\xf9<\xb9\xee\xfa\x00\x0e\xc0\xec<\xd6b\x9cE\\\x9f\xf9<\xb9\xee\xfa\x00\x0e\xc0\xec\xbcV\xde\x1a\xa2\x05e\xfc<\xed6&A\xfeH\xe4<V\xde\x1a\xa2\x05e\xfc<\xed6&A\xfeH\xe4\xbcL\x93F\xb5\xcb\xab\xf7<U=Sduc\xf0<L\x93F\xb5\xcb\xab\xf7<U=Sduc\xf0\xbcB%k\x83g\xc4\xff<\x00\x00\x00\x00\x00\x00\x00\x00s\x98y|.\xef\xfe<\xe1t\x0fD\x06\xc2\xd3<s\x98y|.\xef\xfe<\xe1t\x0fD\x06\xc2\xd3\xbc\x10\xa0\x16\xfe\xcbT\xf3<\xc9i\xba\xb4\xb6\xe6\xf3<\x10\xa0\x16\xfe\xcbT\xf3<\xc9i\xba\xb4\xb6\xe6\xf3\xbc\xc4\xb6\x96\xefE\xc3\xfb\xbc\x00\x00\x00\x00\x00\x00\x00\x00\x08\nrn\xd8+\xed<<\x83L\xd5\xf1\xee\xf6<\x08\nrn\xd8+\xed<<\x83L\xd5\xf1\xee\xf6\xbc\x98\x16\xb4\n`\xfd\xf6<\x07.\xa4N\xb7o\xf0<\x98\x16\xb4\n`\xfd\xf6<\x07.\xa4N\xb7o\xf0\xbc\x88\xc9\xff1\x92\xac\xfa\xbc\x13h\x01\xf7v\x0f\xda<\x88\xc9\xff1\x92\xac\xfa\xbc\x13h\x01\xf7v\x0f\xda\xbc\xa2|\xf9\xee\x03\xcf\xfe<\x8e\x163\x01\x11\x14\xc2<\xa2|\xf9\xee\x03\xcf\xfe<\x8e\x163\x01\x11\x14\xc2\xbc\x9ach\xcf\xce3\xf9<K\xb7k\x7f\x87\xc6\xe9<\x9ach\xcf\xce3\xf9<K\xb7k\x7f\x87\xc6\xe9\xbc\xacW\x84\xa0O\xe0\xfc<Yd\x8d\xa6\x87\xe5\xdc<\xacW\x84\xa0O\xe0\xfc<Yd\x8d\xa6\x87\xe5\xdc\xbc\xccY^\x8a\x05\xe7\xfd<\xe2Z\x1f\x80\xc2;\xd2<\xccY^\x8a\x05\xe7\xfd<\xe2Z\x1f\x80\xc2;\xd2\xbc\xb7\x08Y\x02\x84O\xfe<*\x10\xbdW\xba8\xc7<\xb7\x08Y\x02\x84O\xfe<*\x10\xbdW\xba8\xc7\xbcbk_X6%\xf8<2\xe5\xdf=\xa6""\xec<bk_X6%\xf8<2\xe5\xdf=\xa6""\xec\xbcr\xc6\x01\xb2\x1eK\xf2<\x1b\tsG\xad\xb1\xf3<r\xc6\x01\xb2\x1eK\xf2<\x1b\tsG\xad\xb1\xf3\xbc$$a\x8d&p\xfe<\x00\x00\x00\x00\x00\x00\x00\x00\xfe>\xe5,w\xd0\xf4<\xbd\xa1$\x07DG\xf1<\xfe>\xe5,w\xd0\xf4<\xbd\xa1$\x07DG\xf1\xbc\x15\x87\x9c\x91\xd4\xd7\xe0<4pM1^\xd5\xf8<\x15\x87\x9c\x91\xd4\xd7\xe0<4pM1^\xd5\xf8\xbcn\xe2W\x91\x10\x86\xfb<P\xfbXs\xee\xec\xe0<n\xe2W\x91\x10\x86\xfb<P\xfbXs\xee\xec\xe0\xbc\x1a(\xea\xb9\x16""\xf0<\xe9;=\xed2\xac\xf4<\x1a(\xea\xb9\x16""\xf0<\xe9;=\xed2\xac\xf4\xbc7\x83\xac\r\xc0\x14\xfa<\x926\x13\xa8J\x0b\xe5<7\x83\xac\r\xc0\x14\xfa<\x926\x13\xa8J\x0b\xe5\xbc\xaa\x8a03UQ\xa8<\xb9!=\xf8\xe9\x0c\xf9<\xaa\x8a03UQ\xa8<\xb9!=\xf8\xe9\x0c\xf9\xbcI\x10\xa5\xccn\x08\xe6\xbc\x02>\xfa\xb6\x9d\xa8\xf7<I\x10\xa5\xccn\x08\xe6\xbc\x02>\xfa\xb6\x9d\xa8\xf7\xbc(J\xe6\xa0\x13\x9f\xd9\xbc\x0c\x90|\xef\x1dd\xf8<(J\xe6\xa0\x13\x9f\xd9\xbc\x0c\x90|\xef\x1dd\xf8\xbcB\x1fa\x14\x8b\xba\xed\xbc*\x08K\x8a\xb0a\xf5<B\x1fa\x14\x8b\xba\xed\xbc*\x08K\x8a\xb0a\xf5\xbc&\x93\xc7pSN\xf9\xbc\xb6\\;\xfd\xeaR\xe2<&\x93\xc7pSN\xf9\xbc\xb6\\;\xfd\xeaR\xe2\xbc&/x\xd1v\x98\xf9\xbcz\x1a\xaaY\xedP\xe0<&/x\xd1v\x98\xf9\xbcz\x1a\xaaY\xedP\xe0\xbc\xe3\xb4\xf6\xfe+\x02\xf4\xbc\x80\x110\xbcw\x93\xf0<\xe3\xb4\xf6\xfe+\x02\xf4\xbc\x80\x110\xbcw\x93\xf0\xbc\xc3Ha\xdd\xa4\x00\xf3\xbc\xf5\x97\n\x08<s\xf1<\xc3Ha\xdd\xa4\x00\xf3\xbc\xf5\x97\n\x08<s\xf1\xbc\xaf\x08\xcc\xa9\\\xab\xf0\xbc\x81\x8c\xbd\xd4\x03_\xf3<\xaf\x08\xcc\xa9\\\xab\xf0\xbc\x81\x8c\xbd\xd4\x03_\xf3\xbcrO\xa5h\xad\x0b\xf7\xbc\x7f\xcc\x03\x8a\xdd\\\xe9<rO\xa5h\xad\x0b\xf7\xbc\x7f\xcc\x03\x8a\xdd\\\xe9\xbc\x16P\xa6\xf9\x18D\xef\xbce\x8e\x10\x98S\x1a\xf4<\x16P\xa6\xf9\x18D\xef\xbce\x8e\x10\x98S\x1a\xf4\xbc\xc0\xec\xcaw~\x89\xfa\xbc\xbcK\x1a\xac\x08\x14\xd2<\xc0\xec\xcaw~\x89\xfa\xbc\xbcK\x1a\xac\x08\x14\xd2\xbcj\x9d7\xcb\xc66\xf6\xbcP\x0f\x01[T\x17\xeb<j\x9d7\xcb\xc66\xf6\xbcP\x0f\x01[T\x17\xeb\xbcr@\xe6 \xf2{\xee\xbce\x19\xb3\xf3.\t\xf4<r@\xe6 \xf2{\xee\xbce\x19\xb3\xf3.\t\xf4\xbcrm8}WQ\xf5\xbc\xbf:\x7f\xcf\xaf\xb1\xec<rm8}WQ\xf5\xbc\xbf:\x7f\xcf\xaf\xb1\xec\xbc#\x83\xc6V\x9b\x89\xfa\xbc\x00\x00\x00\x00\x00\x00\x00\x00\xa8\xb8\xf3\x04\x8eQ\xfa\xbc\x9e\x8b\xa3\x18\xba7\xcc<\xa8\xb8\xf3\x04\x8eQ\xfa\xbc\x9e\x8b\xa3\x18\xba7\xcc\xbc\xd5\\\xc5\x15SU\xfa\xbc\x00\x00\x00\x00\x00\x00\x00\x00\xf3\x83\xa8\x9fFe\xf8\xbc4\x03\xa6wF\x98\xe2<\xf3\x83\xa8\x9fFe\xf8\xbc4\x03\xa6wF\x98\xe2\xbc\x846\x8a\xda.\x15\xf9\xbc\x97\xa8E\xc0\x01w\xdb<\x846\x8a\xda.\x15\xf9\xbc\x97\xa8E\xc0\x01w\xdb\xbc\xe2@\x80P\x8d\x9c\xf9\xbc\x94T8\x07\xddM\xd3<\xe2@\x80P\x8d\x9c\xf9\xbc\x94T8\x07\xddM\xd3\xbc\xd6 \x06}\xb1i\xe9\xbc\xcb,\xfc\xa2\xf2\x0e\xf5<\xd6 \x06}\xb1i\xe9\xbc\xcb,\xfc\xa2\xf2\x0e\xf5\xbc\xaa\xf7Zo\x05\x93\xe2<\x92*X\x9epL\xf7<\xaa\xf7Zo\x05\x93\xe2<\x92*X\x9epL\xf7\xbc\xf0\xae\xef5\xeb\xeb\xe9<\xfer5\xb6k\xea\xf5<\xf0\xae\xef5\xeb\xeb\xe9<\xfer5\xb6k\xea\xf5\xbc\xb8\xbe\xbc/\xea\x1d\xe0\xbc6@\x0f\xf1\xb84\xf7<\xb8\xbe\xbc/\xea\x1d\xe0\xbc6@\x0f\xf1\xb84\xf7\xbc\t\xc0\x93ZYx\xf3<\xae)\x0eFp\x92\xf1<\t\xc0\x93ZYx\xf3<\xae)\x0eFp\x92\xf1\xbcz6\x17\x1bi\xf7\xf1<6\x0c=\xfc?\xa6\xf2<z6\x17\x1bi\xf7\xf1<6\x0c=\xfc?\xa6\xf2\xbc\x03\xce\xaa\nx\x88\xfb<2g}>yz\xde<\x03\xce\xaa\nx\x88\xfb<2g}>yz\xde\xbc\xb2JB]f\xec\xec<2^\xc8\xc7@\x91\xf4<\xb2JB]f\xec\xec<2^\xc8\xc7@\x91\xf4\xbc\xb4$L\xb2\xdbJ\xf8<>\xd4\xc6or\xfb\xe7<\xb4$L\xb2\xdbJ\xf8<>\xd4\xc6or\xfb\xe7\xbc\x8c\xa1\xea\xe1\xbeh\xf6<\xf6\x16\xce)\xfc\xd1\xeb<\x8c\xa1\xea\xe1\xbeh\xf6<\xf6\x16\xce)\xfc\xd1\xeb\xbcN\xb9\xfd\xb5A\x90\xfb<\xa42\xfe\x07:\xf9\xd9<N\xb9\xfd\xb5A\x90\xfb<\xa42\xfe\x07:\xf9\xd9\xbc\xf6\xc9n1X\x8c\xd0<\xcaw5\xf8\xc6\x13\xf8<\xf6\xc9n1X\x8c\xd0<\xcaw5\xf8\xc6\x13\xf8\xbc8\xcd\xe8\xc94|\xf6<:\xfb~C\xd2\xf2\xea<8\xcd\xe8\xc94|\xf6<:\xfb~C\xd2\xf2\xea\xbct\xce\x89\x9dl\xa2\xf6\xbc\xe2\x89\x00\xae\x88\xa0\xe6<t\xce\x89\x9dl\xa2\xf6\xbc\xe2\x89\x00\xae\x88\xa0\xe6\xbc\x91K\x07\xc9y\x1a\xf2\xbc\t\x8e9\xd9\xf6H\xf0<\x91K\x07\xc9y\x1a\xf2\xbc\t\x8e9\xd9\xf6H\xf0\xbc4\xad\xdc\xa4$\xc1\xf6\xbc\x00\t\xd0\xefj\xc7\xe4<4\xad\xdc\xa4$\xc1\xf6\xbc\x00\t\xd0\xefj\xc7\xe4\xbcl\xc0N\xd1\xac\xe3\xe5\xbc\xdf\xedg\xb2\x10\xa8\xf5<l\xc0N\xd1\xac\xe3\xe5\xbc\xdf\xedg\xb2\x10\xa8\xf5\xbc\xfc\xf3\xcc\xf2\x02\xf9\xe3\xbc>\xe7*\x10\x0e\r\xf6<\xfc\xf3\xcc\xf2\x02\xf9\xe3\xbc>\xe7*\x10\x0e\r\xf6\xbc\xa6/\xf80U\xe1\xe1\xbc%qY\xb7\x9fb\xf6<\xa6/\xf80U\xe1\xe1\xbc%qY\xb7\x9fb\xf6\xbc\xbb\x9e\xac\xa7wZ\xc5<\xe7\xbekR\x81\t\xf8<\xbb\x9e\xac\xa7wZ\xc5<\xe7\xbekR\x81\t\xf8\xbc-\xc1\x906,\x02\xe0<\xbe\x00\xfa\xe2\xdc\xe3\xf6<-\xc1\x906,\x02\xe0<\xbe\x00\xfa\xe2\xdc\xe3\xf6\xbc\x01\x06\'\x8bMg\xfa<J4\xfa\xac\xd7\x82\xdf<\x01\x06\'\x8bMg\xfa<J4\xfa\xac\xd7\x82\xdf\xbc\x809\x0b \x17\xb7\xf9<\xb81\xd04\xe5\xc1\xe1<\x809\x0b \x17\xb7\xf9<\xb81\xd04\xe5\xc1\xe1\xbc\xaa\xe68\xd0\xc8\xfe\xfb<1\xa9*\xa2]\xb6\xd1<\xaa\xe68\xd0\xc8\xfe\xfb<1\xa9*\xa2]\xb6\xd1\xbc\x86\xe3>\xbdv\xff\xee<\xff\xeb:o\x0c,\xf3<\x86\xe3>\xbdv\xff\xee<\xff\xeb:o\x0c,\xf3\xbcyF=\xee\xd6#\xf4<\xefE\x0b2\xa9\x05\xef<yF=\xee\xd6#\xf4<\xefE\x0b2\xa9\x05\xef\xbcp\xa4\x11\xfc\xe4n\xe6<\x8e\xb8\xa9\x87G\xba\xf5<p\xa4\x11\xfc\xe4n\xe6<\x8e\xb8\xa9\x87G\xba\xf5\xbcl>7\x9d$i\xf0<8s\xd2_\x99(\xf2<l>7\x9d$i\xf0<8s\xd2_\x99(\xf2\xbc C\xc7!\x86\xf1\xf3<\x18\xc8\x88\xfe\x83=\xee< C\xc7!\x86\xf1\xf3<\x18\xc8\x88\xfe\x83=\xee\xbc\x87%`C\xf5&\xfc<\x00\x00\x00\x00\x00\x00\x00\x00Q\xb1J:\xec\xbc\xf4<\xc6\x13\x14C\xdbi\xec<Q\xb1J:\xec\xbc\xf4<\xc6\x13\x14C\xdbi\xec\xbc\xb9@:I\x84""\xe8<\x91M\xe6\xfb\x18\xf5\xf4<\xb9@:I\x84""\xe8<\x91M\xe6\xfb\x18\xf5\xf4\xbc\xfac0\xf0=\x12\xf2<f\xd0\xe7\x8e\x03\x8e\xf0<\xfac0\xf0=\x12\xf2<f\xd0\xe7\x8e\x03\x8e\xf0\xbc\xee\\\xd3\x80_M\xec<W\xc6Kg\xe1\xeb\xf3<\xee\\\xd3\x80_M\xec<W\xc6Kg\xe1\xeb\xf3\xbceq\xb9(\xebB\xfb<G*\x16v~\x80\xd6<eq\xb9(\xebB\xfb<G*\x16v~\x80\xd6\xbc\x1c$\x1b\xb0\xe5\x0e\xfc<\xb1:\xc1\xb4""-\xb5<\x1c$\x1b\xb0\xe5\x0e\xfc<\xb1:\xc1\xb4""-\xb5\xbc\xcf\x81\xd9U\xa7\xc6\xd6<\xbe\xf1k\xed\xf74\xf7<\xcf\x81\xd9U\xa7\xc6\xd6<\xbe\xf1k\xed\xf74\xf7\xbc\xa2~z\xe9\xba\r\xf8<\xa7\x1c\xae}L\xe3\xe3<\xa2~z\xe9\xba\r\xf8<\xa7\x1c\xae}L\xe3\xe3\xbc\xb8^\xf6\x0eF\x8d\xfb<q_ln\xb2-\xa8<\xb8^\xf6\x0eF\x8d\xfb<q_ln\xb2-\xa8\xbc\x1e\xc5g\xa5s\x14\xcf\xbc^\xf4;r\x05\x8d\xf7<\x1e\xc5g\xa5s\x14\xcf\xbc^\xf4;r\x05\x8d\xf7\xbc\xb3\xe5\x11\xd1\xf2;\xdb\xbc\xec\x1dq\x04\xda\xd7\xf6<\xb3\xe5\x11\xd1\xf2;\xdb\xbc\xec\x1dq\x04\xda\xd7\xf6\xbc\x90\x02&\xcf\x8d\xe8\xb9\xbc\x94\xcbd\x03\xf9_\xf7<\x90\x02&\xcf\x8d\xe8\xb9\xbc\x94\xcbd\x03\xf9_\xf7\xbc\xe8v\xa0\xc9b\xfd\xc9\xbc\xe5$S\xa5?)\xf7<\xe8v\xa0\xc9b\xfd\xc9\xbc\xe5$S\xa5?)\xf7\xbc\xe2bj\xfd\xe6\xa4\xe3\xbcA\xd2\xce\xa7\xed[\xf5<\xe2bj\xfd\xe6\xa4\xe3\xbcA\xd2\xce\xa7\xed[\xf5\xbc\x95\x831\xb8m\xf3\xf8\xbc/\xe32%\xe7V\xcb<\x95\x831\xb8m\xf3\xf8\xbc/\xe32%\xe7V\xcb\xbc\x90\x06S~.,\xf9\xbc\xf9\x07\xe0\x02\xfe\xb8\xb1<\x90\x06S~.,\xf9\xbc\xf9\x07\xe0\x02\xfe\xb8\xb1\xbc\xf4\xf7\x059\x05\x15\xf5\xbc\x8e\xc0&\xd3\x8c\xea\xe8<\xf4\xf7\x059\x05\x15\xf5\xbc\x8e\xc0&\xd3\x8c\xea\xe8\xbc \x06\x92{\n\xb3\xf7\xbc>\xec\xf6hg^\xdd< \x06\x92{\n\xb3\xf7\xbc>\xec\xf6hg^\xdd\xbc\xd4\xe5\x9am\x17\\\xf4\xbc^\xcf\xf4u\xa1l\xea<\xd4\xe5\x9am\x17\\\xf4\xbc^\xcf\xf4u\xa1l\xea\xbc4\x15\xb7B]X\xec\xbc\xce\xbfW\xe8\xcc\xe0\xf2<4\x15\xb7B]X\xec\xbc\xce\xbfW\xe8\xcc\xe0\xf2\xbc\xf8O=\xa5q\xa9\xf2\xbc\x1b\xe9\xfa\xe2?4\xee<\xf8O=\xa5q\xa9\xf2\xbc\x1b\xe9\xfa\xe2?4\xee\xbco#\x9f$\x0c\x1c\xf0\xbcI\x03\xf2\x03\xc3\'\xf1<o#\x9f$\x0c\x1c\xf0\xbcI\x03\xf2\x03\xc3\'\xf1\xbc \n\\\xed\xdb8\xf6\xbcE[\xcfptv\xe3< \n\\\xed\xdb8\xf6\xbcE[\xcfptv\xe3\xbcZi\xb3\xb8\xb0\\\xef\xbc{\xc2\n,\xac}\xf1<Zi\xb3\xb8\xb0\\\xef\xbc{\xc2\n,\xac}\xf1\xbc^\x03\xb9*\xfd\xa9\xf7\xbc&\x1c\x96\xcf\x89D\xd9<^\x03\xb9*\xfd\xa9\xf7\xbc&\x1c\x96\xcf\x89D\xd9\xbcl\x90F\xcd\x1fl\xf8\xbc\xa5\x0cp\xf4\x87\xac\xc9<l\x90F\xcd\x1fl\xf8\xbc\xa5\x0cp\xf4\x87\xac\xc9\xbcr\xc8\xaf\xbf\x97\xeb\xf1\xbcvWkw+\x1a\xee<r\xc8\xaf\xbf\x97\xeb\xf1\xbcvWkw+\x1a\xee\xbcrm\xe5\xd3\xcc~\xe6\xbc\x8f\xfb\xa1\xfb\xf7\x10\xf4<rm\xe5\xd3\xcc~\xe6\xbc\x8f\xfb\xa1\xfb\xf7\x10\xf4\xbc\xe9\xe8\x1fak\x1d\xf7<\x13o\x03&\x1d\x91\xe5<\xe9\xe8\x1fak\x1d\xf7<\x13o\x03&\x1d\x91\xe5\xbc\x06\x06\xef*\xcbt\xf6\xbc\x0c\x17\xc3pIF\xe0<\x06\x06\xef*\xcbt\xf6\xbc\x0c\x17\xc3pIF\xe0\xbc*b\xd73\xdf\x93\xf7\xbc2r\xfc\xcb6]\xd5<*b\xd73\xdf\x93\xf7\xbc2r\xfc\xcb6]\xd5\xbcR\xc2&v-K\xf8\xbc6l\xc7\xb9~\xdf\xb6<R\xc2&v-K\xf8\xbc6l\xc7\xb9~\xdf\xb6\xbc@L\xe7(io\xb0<p\x04\x1ef""\xb0\xf6<@L\xe7(io\xb0<p\x04\x1ef""\xb0\xf6\xbc\xa0}\xb1\x10\xb9\xba\xdc<\xa8=\x7f&\x02\xf2\xf5<\xa0}\xb1\x10\xb9\xba\xdc<\xa8=\x7f&\x02\xf2\xf5\xbc\xc0\xec\xce\xdb\xc8*\xe3<\xb2\xe0\xb0\x1d\x08\xf7\xf4<\xc0\xec\xce\xdb\xc8*\xe3<\xb2\xe0\xb0\x1d\x08\xf7\xf4\xbc\x12\xf1\xcbiwk\xda\xbc\n\xce\x02\x88\x98\\\xf5<\x12\xf1\xcbiwk\xda\xbc\n\xce\x02\x88\x98\\\xf5\xbco\xf1\xbf\xa1\xc0(\xf0\xbc\xb2\rF\x84\xff{\xef<o\xf1\xbf\xa1\xc0(\xf0\xbc\xb2\rF\x84\xff{\xef\xbc\xcdI\xf1\x92\x06\xd7\xf7\xbc\x00\x00\x00\x00\x00\x00\x00\x00\xc2\xfb\xff\x86c;\xf9<z1\xd6C\xcd)\xdd<\xc2\xfb\xff\x86c;\xf9<z1\xd6C\xcd)\xdd\xbc\xec\xb8\x03o3S\xf5\xbc\xcd\x02*aw\xa4\xe2<\xec\xb8\x03o3S\xf5\xbc\xcd\x02*aw\xa4\xe2\xbc\xb5\x9a\xbc\x04(\xf1\xf5<v\xde\x87\xe4\xe2\xc0\xe6<\xb5\x9a\xbc\x04(\xf1\xf5<v\xde\x87\xe4\xe2\xc0\xe6\xbc\xac\x84\xa9i\x1a\xee\xf3<\xe6D\xadc\xbe[\xeb<\xac\x84\xa9i\x1a\xee\xf3<\xe6D\xadc\xbe[\xeb\xbc\x7fb|F\xae\x1c\xf2<&\xbd\xcc*\xee\x88\xee<\x7fb|F\xae\x1c\xf2<&\xbd\xcc*\xee\x88\xee\xbc\x1d$\x19\x93""x\xf8<\x17\xf61\xdc\xa6\xc7\xdd<\x1d$\x19\x93""x\xf8<\x17\xf61\xdc\xa6\xc7\xdd\xbc\x14\xf7\x13$\x19\\\xf2<\xcb\xda\x9d\xd4n\x8a\xed<\x14\xf7\x13$\x19\\\xf2<\xcb\xda\x9d\xd4n\x8a\xed\xbc\xd4(\x19\x91\x82\'\xf7\xbc\xcc\x0e\xdf\xf1\xd2\xbd\xcf<\xd4(\x19\x91\x82\'\xf7\xbc\xcc\x0e\xdf\xf1\xd2\xbd\xcf\xbcd 7\xeb\x97S\xf4\xbc\x8e\xa2\x93\xce?k\xe4<d 7\xeb\x97S\xf4\xbc\x8e\xa2\x93\xce?k\xe4\xbc\xd6\xa6L\xcd\xb2Q\xf3\xbc\xbc\xb2""O\'\x15\xe7<\xd6\xa6L\xcd\xb2Q\xf3\xbc\xbc\xb2""O\'\x15\xe7\xbc\x18\xe7 \xb2\xef\xb7\xec\xbc%\x91A\xda\x11\xf0\xf0<\x18\xe7 \xb2\xef\xb7\xec\xbc%\x91A\xda\x11\xf0\xf0\xbc\x17\x8fL\xdc\xd6\xa1\xf1\xbc\x97\xe3\xc1v\xa9\xc2\xea<\x17\x8fL\xdc\xd6\xa1\xf1\xbc\x97\xe3\xc1v\xa9\xc2\xea\xbc\x90\xa9\xd2\x9aJ:\xe8\xbcJy\x89\x1bT>\xf2<\x90\xa9\xd2\x9aJ:\xe8\xbcJy\x89\x1bT>\xf2\xbc\xe2\xf8\'\x0fJH\xdd\xbcF\xabm:\xf4v\xf4<\xe2\xf8\'\x0fJH\xdd\xbcF\xabm:\xf4v\xf4\xbc\x8c\x14\x17\xab-b\xc2\xbc\x1e\xdd?&\xb5\xbd\xf5<\x8c\x14\x17\xab-b\xc2\xbc\x1e\xdd?&\xb5\xbd\xf5\xbc\x9c*(\xe9y\xd6\x91\xbcC|\xf3\xd0<\xff\xf5<\x9c*(\xe9y\xd6\x91\xbcC|\xf3\xd0<\xff\xf5\xbc*\xcft\x0b\x81\x94\xc1<L\\\xcb\xa7\xdb\x17\xf6<*\xcft\x0b\x81\x94\xc1<L\\\xcb\xa7\xdb\x17\xf6\xbc\xb7\xb7^\xeb\xff3\xd6<\x1c\xcb\xb2\xb1\xaa\xb7\xf5<\xb7\xb7^\xeb\xff3\xd6<\x1c\xcb\xb2\xb1\xaa\xb7\xf5\xbc\xdaQ>\x8c9G\xcf<,K$X\x80\xe9\xf5<\xdaQ>\x8c9G\xcf<,K$X\x80\xe9\xf5\xbc,\x02\xaa\xb8\xf7R\xeb<\xc6h(\x0f\x81\'\xf2<,\x02\xaa\xb8\xf7R\xeb<\xc6h(\x0f\x81\'\xf2\xbc\xb98\xa92\x82\x88\xe7<N\x9b\xb0\\u5\xf3<\xb98\xa92\x82\x88\xe7<N\x9b\xb0\\u5\xf3\xbcX\x96\xc2\xa33\xa7\xf9<\xe3\xbc\xdb\x92\x8bx\xd2<X\x96\xc2\xa33\xa7\xf9<\xe3\xbc\xdb\x92\x8bx\xd2\xbc&\xf9o\x0e\xc1\xfc\xf7<\\-l\x12j\x07\xdf<&\xf9o\x0e\xc1\xfc\xf7<\\-l\x12j\x07\xdf\xbc\x7f`\x0c\xb544\xe0<9\x1a\xf7\xceP\x99\xf4<\x7f`\x0c\xb544\xe0<9\x1a\xf7\xceP\x99\xf4\xbc,\xb0/\x1cj\xda\xf9<\xeax\xc0\x0f\xd6w\xca<,\xb0/\x1cj\xda\xf9<\xeax\xc0\x0f\xd6w\xca\xbc\xa6V8\x8a\xe6\xef\xf9<W\xfd#\xf7H\xee\xc2<\xa6V8\x8a\xe6\xef\xf9<W\xfd#\xf7H\xee\xc2\xbc\xb0\xccf8q=\xeb\xbc\xec7\xc1\xbf\xe4\xe0\xf0<\xb0\xccf8q=\xeb\xbc\xec7\xc1\xbf\xe4\xe0\xf0\xbc\x1c\xdb\xeb\xd3\xb3\xe1\xec<\x9d\x1eV\x97\x1a\x06\xf1<\x1c\xdb\xeb\xd3\xb3\xe1\xec<\x9d\x1eV\x97\x1a\x06\xf1\xbc\xca\xea}ML\xaf\xf9<R\xac\xbd\xe8\xce`\xa3<\xca\xea}ML\xaf\xf9<R\xac\xbd\xe8\xce`\xa3\xbc\xf8\x9eP\x99;\x82\xf9<\x00<\xb9q\xe7\x99\xbf<\xf8\x9eP\x99;\x82\xf9<\x00<\xb9q\xe7\x99\xbf\xbc\x12\xeb""\xc1\xf6F\xef<v\x00y@\xc0\x97\xef<\x12\xeb""\xc1\xf6F\xef<v\x00y@\xc0\x97\xef\xbc3n9\x9a\x1b^\xf5<\xec`7\xea\x0b\xe5\xe3<3n9\x9a\x1b^\xf5<\xec`7\xea\x0b\xe5\xe3\xbc\x89#\r\xf1\xd3\xb8\xe7<\xac\x87\xc6\xe5C#\xf2<\x89#\r\xf1\xd3\xb8\xe7<\xac\x87\xc6\xe5C#\xf2\xbc:\x17\xf0_\xa2\x9c\xc0<\xaa\xa8>\x91;\x9b\xf5<:\x17\xf0_\xa2\x9c\xc0<\xaa\xa8>\x91;\x9b\xf5\xbc\xd1\x99\xcd\x18.\xf2\xd0\xbc\x8a\r\x9dX}\xff\xf4<\xd1\x99\xcd\x18.\xf2\xd0\xbc\x8a\r\x9dX}\xff\xf4\xbc\x03\x87\x89\xd5*\x04\xf7\xbc\x00\x00\x00\x00\x00\x00\x00\x00\xd4\x04+\xe0~\x01\xf7\xbc\xa1\x99r$\xf90\xb9<\xd4\x04+\xe0~\x01\xf7\xbc\xa1\x99r$\xf90\xb9\xbc\x8f\x11\xe2\x85\xf3\xda\xe9\xbc\x08\xb9\x9aYP/\xf1<\x8f\x11\xe2\x85\xf3\xda\xe9\xbc\x08\xb9\x9aYP/\xf1\xbc\xb5\x8d\xc2\xd5\xd9\\\xef\xbc\xfc\x0er\xa4R\x05\xee<\xb5\x8d\xc2\xd5\xd9\\\xef\xbc\xfc\x0er\xa4R\x05\xee\xbc\xe5\xc6\xc6\xc9X\xd9\xf5\xbc\xc3eU]?p\xd8<\xe5\xc6\xc6\xc9X\xd9\xf5\xbc\xc3eU]?p\xd8\xbcb\x0e\xcf(\xf3/\xf5\xbc\xd2\xa3A\xbau\xc5\xdd<b\x0e\xcf(\xf3/\xf5\xbc\xd2\xa3A\xbau\xc5\xdd\xbc\x92\x830\xd6\x8f\x18\xe3\xbc\xe8\x9fg\\\x1a\xda\xf2<\x92\x830\xd6\x8f\x18\xe3\xbc\xe8\x9fg\\\x1a\xda\xf2\xbc\x92\xc4O\xc7[\x0c\xf7<1$\xa8\xb1\xfd\xa1\xdc<\x92\xc4O\xc7[\x0c\xf7<1$\xa8\xb1\xfd\xa1\xdc\xbc\x88\x8a\xeb\xf1G\xd7\xf5\xbco\x12T\x8fT\t\xd4<\x88\x8a\xeb\xf1G\xd7\xf5\xbco\x12T\x8fT\t\xd4\xbc\x80\x9ap\x0b\xae\xf0\x91<\xd6XQ\x9b\xcaB\xf5<\x80\x9ap\x0b\xae\xf0\x91<\xd6XQ\x9b\xcaB\xf5\xbc\xfa\xf7\xb0{f\xb9\xed\xbc\xbe\x1c\xebVw<\xee<\xfa\xf7\xb0{f\xb9\xed\xbc\xbe\x1c\xebVw<\xee\xbc\xeb\xa3\xee\x03\x94\xef\xf2\xbcs\n\xcf\xc1\x92\x8d\xe5<\xeb\xa3\xee\x03\x94\xef\xf2\xbcs\n\xcf\xc1\x92\x8d\xe5\xbc\xae\x8f\x00\xb7\x80]\xf6\xbc\x00\x00\x00\x00\x00\x00\x00\x00\xeeh<\xca\xa6\x03\xf5\xbc\xf2\xe2\x84\x9d\x0bB\xdb<\xeeh<\xca\xa6\x03\xf5\xbc\xf2\xe2\x84\x9d\x0bB\xdb\xbc$v\x85\x15J\xed\xdc\xbcF\x81=#\xa6\xb3\xf3<$v\x85\x15J\xed\xdc\xbcF\x81=#\xa6\xb3\xf3\xbcd\x8d\xa2\xf0Ld\xe0<\x8fq>\xeeT\xc9\xf3<d\x8d\xa2\xf0Ld\xe0<\x8fq>\xeeT\xc9\xf3\xbc8\x1b\xf5\xe1\xaa\x1b\xd6\xbc\x03?\x92\x02\xc6=\xf4<8\x1b\xf5\xe1\xaa\x1b\xd6\xbc\x03?\x92\x02\xc6=\xf4\xbc\x82\xe9;\xd2TR\xea<\xb6\xd0\xbf]{\xf4\xf0<\x82\xe9;\xd2TR\xea<\xb6\xd0\xbf]{\xf4\xf0\xbc&\xf1\xcb\x7f\xc7\xbd\xf5<\xcdxc\x94e\xe4\xe1<&\xf1\xcb\x7f\xc7\xbd\xf5<\xcdxc\x94e\xe4\xe1\xbc\nuO\xd8\x0e\xef\xf3<\x13JT\xa4\xb29\xe6<\nuO\xd8\x0e\xef\xf3<\x13JT\xa4\xb29\xe6\xbc\xc0\xad\xc3\x07Kb\xf0<\x17ozEe\x92\xec<\xc0\xad\xc3\x07Kb\xf0<\x17ozEe\x92\xec\xbc\xc0\xc8\x96i\xd8J\xf3<|Iu\xb9\xbe9\xe7<\xc0\xc8\x96i\xd8J\xf3<|Iu\xb9\xbe9\xe7\xbc\xac\xef\xb8\xe7\xdbD\xf4<\xcc+\x91(\x97\x0c\xe5<\xac\xef\xb8\xe7\xdbD\xf4<\xcc+\x91(\x97\x0c\xe5\xbc\xf6d\xd7d?2\xf2<\x0b\xcb\xbetj\xb4\xe8<\xf6d\xd7d?2\xf2<\x0b\xcb\xbetj\xb4\xe8\xbc\x00h\xd3\x85\xa1\xc7\xf7<m\x94n5\x95\xb2\xd5<\x00h\xd3\x85\xa1\xc7\xf7<m\x94n5\x95\xb2\xd5\xbc\xaa3gH`\xbb\xf1\xbc^\xbf\xd7\x97\xd0y\xe7<\xaa3gH`\xbb\xf1\xbc^\xbf\xd7\x97\xd0y\xe7\xbc\xa0K\'`\xf7x\xf0\xbc`-\xdd\x9b\xd2\xae\xe9<\xa0K\'`\xf7x\xf0\xbc`-\xdd\x9b\xd2\xae\xe9\xbc\xc8h\xd3\xe8\xf6\x1e\xe4\xbc$\xbd\x07\x91\xc2\x0c\xf2<\xc8h\xd3\xe8\xf6\x1e\xe4\xbc$\xbd\x07\x91\xc2\x0c\xf2\xbcJ\x8f\x195\x8f\x10\xf6\xbcX\xb07M\xb1\xfa\xc1<J\x8f\x195\x8f\x10\xf6\xbcX\xb07M\xb1\xfa\xc1\xbc=\xaa\t\xad\xb7\n\xef\xbc\xfe\x0e\x1e\xcd\xbf\xaa\xeb<=\xaa\t\xad\xb7\n\xef\xbc\xfe\x0e\x1e\xcd\xbf\xaa\xeb\xbc\xfe\xd9\x12\xfb\xc6\x8e\xf4\xbc(s\xe9\xf34\xcb\xd8<\xfe\xd9\x12\xfb\xc6\x8e\xf4\xbc(s\xe9\xf34\xcb\xd8\xbc\xe49\'v\xab\xa9\xf3\xbc\xa0\xba\xd7_P%\xe0<\xe49\'v\xab\xa9\xf3\xbc\xa0\xba\xd7_P%\xe0\xbc\x84\xff\xd2\xb7\\\x9e\xd7\xbco\xc2\x82\xd5\x8e\xaa\xf3<\x84\xff\xd2\xb7\\\x9e\xd7\xbco\xc2\x82\xd5\x8e\xaa\xf3\xbc\x8ap\x83d+`\xe5<V\xbeQ\xce\xcbH\xf2<\x8ap\x83d+`\xe5<V\xbeQ\xce\xcbH\xf2\xbc\x9e\xed7_M\x0b\xe1\xbc\xf0o_3\x81{\xf2<\x9e\xed7_M\x0b\xe1\xbc\xf0o_3\x81{\xf2\xbc\xe65\xd5\xb4LS\xf5\xbc\t]\xc7#\xb9\xea\xc9<\xe65\xd5\xb4LS\xf5\xbc\t]\xc7#\xb9\xea\xc9\xbc<\xc4\x0b\x1b\xca$\xc4\xbc\xe7\x88\x07\xff\xe8?\xf4<<\xc4\x0b\x1b\xca$\xc4\xbc\xe7\x88\x07\xff\xe8?\xf4\xbc`c\x92@\xa4O\xe3<C\x97\x9cCe\x91\xf2<`c\x92@\xa4O\xe3<C\x97\x9cCe\x91\xf2\xbcj\xb33I\xa5\xf3\xf7<\xd4\xa6\xe7a\xec^\xd1<j\xb33I\xa5\xf3\xf7<\xd4\xa6\xe7a\xec^\xd1\xbc\xa0\x81\xb7\x9d\xbex\xb1\xbc*\xb1\x93\x86)9\xf4<\xa0\x81\xb7\x9d\xbex\xb1\xbc*\xb1\x93\x86)9\xf4\xbc\xa2\x16\xf0\xe3\x1c\xe4\xc7<V[\xbf\x9f\x10\x1e\xf4<\xa2\x16\xf0\xe3\x1c\xe4\xc7<V[\xbf\x9f\x10\x1e\xf4\xbc\xd8\xf8\xab\xbd\x81 \xde<\xb7\x840X\xab,\xf3<\xd8\xf8\xab\xbd\x81 \xde<\xb7\x840X\xab,\xf3\xbc\xc2R1_G=\xf8<sL\x12\xc6z\xe2\xc5<\xc2R1_G=\xf8<sL\x12\xc6z\xe2\xc5\xbc\x8eX\xa2\x02\x9bx\xea<\xc6\xc3\xba\x81k\xf4\xef<\x8eX\xa2\x02\x9bx\xea<\xc6\xc3\xba\x81k\xf4\xef\xbcF+\x10|\xd3\xa7\xf4<\xbbK\xf8\x93/\x86\xe2<F+\x10|\xd3\xa7\xf4<\xbbK\xf8\x93/\x86\xe2\xbc\xdaRKC\x99\x99\xf0<\xa9\xc3;\xea\xf0W\xea<\xdaRKC\x99\x99\xf0<\xa9\xc3;\xea\xf0W\xea\xbcd\xeaQ_u0\xf7<@\xaa\x00\xb1\'_\xd4<d\xeaQ_u0\xf7<@\xaa\x00\xb1\'_\xd4\xbc\x84\x13\x94\x13Y\xfc\xf5<<\xcc\xf6\x8f/ \xdb<\x84\x13\x94\x13Y\xfc\xf5<<\xcc\xf6\x8f/ \xdb\xbc\x83\x1d\x93\x1a\xbfR\xf1<\xb3\xbc/0\xb3\xa2\xe8<\x83\x1d\x93\x1a\xbfR\xf1<\xb3\xbc/0\xb3\xa2\xe8\xbc\xa4\x99\xd8I\xfe1\xf2\xbcU\xf4H\x93\xbe(\xe4<\xa4\x99\xd8I\xfe1\xf2\xbcU\xf4H\x93\xbe(\xe4\xbcv\xed\x98\xfe~*\xf1\xbc\x9d\xed\xf4\xa8A\xb2\xe6<v\xed\x98\xfe~*\xf1\xbc\x9d\xed\xf4\xa8A\xb2\xe6\xbcR\x04\xfcj\x80\xb9\xd4\xbc\n\xe4\xba\xbb\xf1W\xf3<R\x04\xfcj\x80\xb9\xd4\xbc\n\xe4\xba\xbb\xf1W\xf3\xbc\xa5\xa7XN\xe4T\xf8<\x00\x00\x00\x00\x00\x00\x00\x004\xa1;\x9ebA\xec<\x86;W\xbb*\xc9\xed<4\xa1;\x9ebA\xec<\x86;W\xbb*\xc9\xed\xbc\xd6S\x84\x99\xdc7\xf7<\xe7\x81m_\xb0*\xd2<\xd6S\x84\x99\xdc7\xf7<\xe7\x81m_\xb0*\xd2\xbc\xf0\x05\xc0\xde\xb2\xcb\xf7<\xf4V2\xffe\xd2\xc5<\xf0\x05\xc0\xde\xb2\xcb\xf7<\xf4V2\xffe\xd2\xc5\xbc$\x88\x0bVC\x1d\xf5\xbc\xa8x\xa4\xe4sH\xca<$\x88\x0bVC\x1d\xf5\xbc\xa8x\xa4\xe4sH\xca\xbc@=\x94\x1fu\x9c\x90<P\x9d\xe0\xc3\xbc\x0b\xf4<@=\x94\x1fu\x9c\x90<P\x9d\xe0\xc3\xbc\x0b\xf4\xbcP8=\xb3j\x04\xd4<q\xb9\xa9\x8c\x07w\xf3<P8=\xb3j\x04\xd4<q\xb9\xa9\x8c\x07w\xf3\xbcd\xebj\x88\x9aB\xc6<\n3\xdc_$\xd1\xf3<d\xebj\x88\x9aB\xc6<\n3\xdc_$\xd1\xf3\xbcA\xb5\xf5I?Q\xf5\xbc\xaem\x85v$\xe4~<A\xb5\xf5I?Q\xf5\xbc\xaem\x85v$\xe4~\xbch\xdf\r[\x8e\x9b\xf2<\t\x9a\xac\x16\xe6t\xe4<h\xdf\r[\x8e\x9b\xf2<\t\x9a\xac\x16\xe6t\xe4\xbc!\xfcnN:K\xed<\xa0\x87\xec\n\x0e\xb8\xeb<!\xfcnN:K\xed<\xa0\x87\xec\n\x0e\xb8\xeb\xbc\x99\xf5\xa8\x03>A\xf4\xbc\xcaxW\xb3\xc7\x04\xd4<\x99\xf5\xa8\x03>A\xf4\xbc\xcaxW\xb3\xc7\x04\xd4\xbc\xae.m\xee\xfc\xb6\xf2\xbc%}8WI]\xe0<\xae.m\xee\xfc\xb6\xf2\xbc%}8WI]\xe0\xbc\x92\xe61f\x1d/\xea\xbc\x80e*\x1f\x04\x0e\xee<\x92\xe61f\x1d/\xea\xbc\x80e*\x1f\x04\x0e\xee\xbcF0\xe5gP\x94\xf1\xbc\x9c\xc2\xb3b-\xc0\xe3<F0\xe5gP\x94\xf1\xbc\x9c\xc2\xb3b-\xc0\xe3\xbc\x162m\xbe""\xf8\xe3<\x11\x1fT\x0f\xaa\xa5\xf1<\x162m\xbe""\xf8\xe3<\x11\x1fT\x0f\xaa\xa5\xf1\xbc\x16\x07\x07tE\xd1\xe5\xbcd+\xa9!\x9fX\xf0<\x16\x07\x07tE\xd1\xe5\xbcd+\xa9!\x9fX\xf0\xbcT\xf5(SQ\xbc\xd2<D\xcd!-\xe7h\xf3<T\xf5(SQ\xbc\xd2<D\xcd!-\xe7h\xf3\xbc\xed@\xb8\xef\xe1L\xdf<\xd8;\xc3\x18\xcao\xf2<\xed@\xb8\xef\xe1L\xdf<\xd8;\xc3\x18\xcao\xf2\xbc^j\n\xd8\x0e\x16\xe7\xbc\xb3\xcc{\xc66H\xef<^j\n\xd8\x0e\x16\xe7\xbc\xb3\xcc{\xc66H\xef\xbc\x8a\xde\xe90Up\xeb\xbc\x089~x\xba\xa4\xeb<\x8a\xde\xe90Up\xeb\xbc\x089~x\xba\xa4\xeb\xbcx\xed\x17\xb7`\xcc\xdf\xbc\x84\x8d\x1d\xa1\x84\x8a\xf1<x\xed\x17\xb7`\xcc\xdf\xbc\x84\x8d\x1d\xa1\x84\x8a\xf1\xbc&\xb7\x0c\x8dm\xca\xf0<\xa5r\xc3\x16n=\xe7<&\xb7\x0c\x8dm\xca\xf0<\xa5r\xc3\x16n=\xe7\xbc\x98\xc2\x83H9s\xb6\xbc\xb0!(\x18\x9e\\\xf3<\x98\xc2\x83H9s\xb6\xbc\xb0!(\x18\x9e\\\xf3\xbc\\,<+a\x1b\xea<\x81\xf2\x10\x87\xa7\x0b\xee<\\,<+a\x1b\xea<\x81\xf2\x10\x87\xa7\x0b\xee\xbc\xa4!\xe5K\xfc\xc8\xd5<\xefjB82\xd3\xf2<\xa4!\xe5K\xfc\xc8\xd5<\xefjB82\xd3\xf2\xbc^\x92\xd5@y!\xf7<\x90\xf5&\xec#\xbc\xb0<^\x92\xd5@y!\xf7<\x90\xf5&\xec#\xbc\xb0\xbc""/\x8f(.8\xf3<0\xd5C\x03<A\xe2<""/\x8f(.8\xf3<0\xd5C\x03<A\xe2\xbc\xc6\xb4\xden\xf8\x9d\xf6<Y\xd4\xb3Z\xfb\x1a\xc5<\xc6\xb4\xden\xf8\x9d\xf6<Y\xd4\xb3Z\xfb\x1a\xc5\xbc|\x94\x02""\x91z\xf4<\xfe9P0?\xff\xdc<|\x94\x02""\x91z\xf4<\xfe9P0?\xff\xdc\xbc\x1a\xf8\xbdx\x7f\xb0\xf4<\x9dB\x9ar~\\\xdb<\x1a\xf8\xbdx\x7f\xb0\xf4<\x9dB\x9ar~\\\xdb\xbc\x92\x80\xef\xa3:\xc9\xef\xbc\x13\xd4\\l]\xaa\xe6<\x92\x80\xef\xa3:\xc9\xef\xbc\x13\xd4\\l]\xaa\xe6\xbc\x85\xdbQ\xaeB\xbc\xf1\xbc1\xb0\xbeP\r\x99\xe1<\x85\xdbQ\xaeB\xbc\xf1\xbc1\xb0\xbeP\r\x99\xe1\xbctU\xe7\xe6\xf0i\xf4\xbc\xc7\xe4\xd5\xaf\xaa\xa1\xb6<tU\xe7\xe6\xf0i\xf4\xbc\xc7\xe4\xd5\xaf\xaa\xa1\xb6\xbc\x80F\x1d\xf2d\x08\xf4\xbc\xd0\xb6\xd2\x1b$\xe8\xc8<\x80F\x1d\xf2d\x08\xf4\xbc\xd0\xb6\xd2\x1b$\xe8\xc8\xbc#@\xaa.n=\xe6<6\r14\xb9\x0e\xf0<#@\xaa.n=\xe6<6\r14\xb9\x0e\xf0\xbcr\xc9\xe8\x88\x08\x00\xe7<x.X\xd8\xee\x87\xef<r\xc9\xe8\x88\x08\x00\xe7<x.X\xd8\xee\x87\xef\xbc\xd4\x0f\xbe\xc5\xac\x10\xf6<y\xcc\xf5uh~\xc8<\xd4\x0f\xbe\xc5\xac\x10\xf6<y\xcc\xf5uh~\xc8\xbc\x84""n5\xcf\xd6\xdc<!\xdc\x9eZb\x99\xf1<\x84""n5\xcf\xd6\xdc<!\xdc\x9eZb\x99\xf1\xbc2\xb4o\xe0b\xae\xca<\x87\xc2\r\x7f\xe9\xa7\xf2<2\xb4o\xe0b\xae\xca<\x87\xc2\r\x7f\xe9\xa7\xf2\xbcY\x8a\xc9\xafk\xce\xab<t\xe11\xa05\xc4\xf2<Y\x8a\xc9\xafk\xce\xab<t\xe11\xa05\xc4\xf2\xbc\xf0M\xed?\xf9\xee\xb2\xbc\x15\x94eG\xfe\xad\xf2<\xf0M\xed?\xf9\xee\xb2\xbc\x15\x94eG\xfe\xad\xf2\xbc`\x7f$~\x0f\x9d\xd5\xbc\x95?\xd9\xa5m\xe6\xf1<`\x7f$~\x0f\x9d\xd5\xbc\x95?\xd9\xa5m\xe6\xf1\xbc\xf4}P(3{\xe3\xbcSs\x88V\x80\x19\xf0<\xf4}P(3{\xe3\xbcSs\x88V\x80\x19\xf0\xbc\xd1\xb1\xa1\xd9\x11W\xf2\xbcQ@\x14BnM\xdd<\xd1\xb1\xa1\xd9\x11W\xf2\xbcQ@\x14BnM\xdd\xbc\x08\xa7;1\xa2\xdd\xf2\xbcV\xbd\xb6}F2\xd8<\x08\xa7;1\xa2\xdd\xf2\xbcV\xbd\xb6}F2\xd8\xbc\x84\x8dSK\x85\x96\xeb\xbc7\xae\x06\xa4\xb4\x03\xea<\x84\x8dSK\x85\x96\xeb\xbc7\xae\x06\xa4\xb4\x03\xea\xbc\n\x85\xb5\x8f\xe9j\xea<\x16i\xbes\xf6\x06\xec<\n\x85\xb5\x8f\xe9j\xea<\x16i\xbes\xf6\x06\xec\xbc:\x1c\x97\xe6\x10\x8f\xe5\xbc\xc7\xb8y|m{\xee<:\x1c\x97\xe6\x10\x8f\xe5\xbc\xc7\xb8y|m{\xee\xbc\xc1\x80MR^\r\xf3\xbcf\xaff\xe5/\xc0\xd4<\xc1\x80MR^\r\xf3\xbcf\xaff\xe5/\xc0\xd4\xbctq\xb2d\x892\xee\xbc\x97Hg\x89\x17+\xe7<tq\xb2d\x892\xee\xbc\x97Hg\x89\x17+\xe7\xbcl&\x08\xc8z\x19\xf6<\x00\x00\x00\x00\x00\x00\x00\x00\xe5,o1\xdd\xf7\xe1<\x81\x03D\xbe\x8d\x98\xf0<\xe5,o1\xdd\xf7\xe1<\x81\x03D\xbe\x8d\x98\xf0\xbc\x97\xe5\x88\xfa4d\xf2<\x95K\x9b4\x13\xc7\xe1<\x97\xe5\x88\xfa4d\xf2<\x95K\x9b4\x13\xc7\xe1\xbc#\xf2|\xdaC*\xf5<\xb2H\xfc0\x1al\xd1<#\xf2|\xdaC*\xf5<\xb2H\xfc0\x1al\xd1\xbc~\xf5r\xc89x\xf3\xbcB\x08\xe0\xf97z\xc5<~\xf5r\xc89x\xf3\xbcB\x08\xe0\xf97z\xc5\xbc\xa6\xf0\xb9Q\xbd\x8d\xd1<\x0f\xc0\r\xc9\x1e\t\xf2<\xa6\xf0\xb9Q\xbd\x8d\xd1<\x0f\xc0\r\xc9\x1e\t\xf2\xbcH\x97\xa7\xd5\x0c0\xee<#\xfd?\xe4\xabn\xe7<H\x97\xa7\xd5\x0c0\xee<#\xfd?\xe4\xabn\xe7\xbc\xc8\xadL\x88\xe9\xf8\xf3<\x8dx\x85\xa9\xe5\xd8\xd8<\xc8\xadL\x88\xe9\xf8\xf3<\x8dx\x85\xa9\xe5\xd8\xd8\xbc\xecW\xad\x114\x89\xf5<\x10z3\xe4\xe5\x83\xc5<\xecW\xad\x114\x89\xf5<\x10z3\xe4\xe5\x83\xc5\xbcGV\xdcsK\xcc\xf3\xbc\x00\x00\x00\x00\x00\x00\x00\x00C\x90\x0f\xc5\x04\n\xe8\xbcC&_6M\xca\xeb<C\x90\x0f\xc5\x04\n\xe8\xbcC&_6M\xca\xeb\xbc\x02U\xaa\x88\xd0\xe0\xc7\xbc\xc3eK\xae:\x04\xf2<\x02U\xaa\x88\xd0\xe0\xc7\xbc\xc3eK\xae:\x04\xf2\xbc-,\x96\x8e\xacW\xa8<\xd4(\xbd\xceWN\xf2<-,\x96\x8e\xacW\xa8<\xd4(\xbd\xceWN\xf2\xbcH\xe8\xea\xb5\xf1\x1d\xf2\xbcL\xa2!\x91\xd1I\xd8<H\xe8\xea\xb5\xf1\x1d\xf2\xbcL\xa2!\x91\xd1I\xd8\xbcA\xeb\x9b\xa5WX\xe9<7kL\xf7\xafK\xeb<A\xeb\x9b\xa5WX\xe9<7kL\xf7\xafK\xeb\xbc\xe5\x17\x1d\x0e\xd9\x11\xee<\n\x1f@\xb2P\x04\xe7<\xe5\x17\x1d\x0e\xd9\x11\xee<\n\x1f@\xb2P\x04\xe7\xbc\xc6V\xeb=\x8dI\xf4<\xd0\x00\xa6\x8dn\x18\xd4<\xc6V\xeb=\x8dI\xf4<\xd0\x00\xa6\x8dn\x18\xd4\xbc]\xb9\x1b\xf9a\xe8\xed\xbc\x0c_\x05\xdf\xb9K\xe5<]\xb9\x1b\xf9a\xe8\xed\xbc\x0c_\x05\xdf\xb9K\xe5\xbc\xa2\xe9}vP.\xd8\xbc\xa2N\xdc! \xf7\xf0<\xa2\xe9}vP.\xd8\xbc\xa2N\xdc! \xf7\xf0\xbc\xa2\xf7\x12C\xaf>\xde\xbc`\xa1\x9bP\xfd2\xf0<\xa2\xf7\x12C\xaf>\xde\xbc`\xa1\x9bP\xfd2\xf0\xbc\xc8y\xa3\xb1\xe2u\xde<`\xee3bG\xd7\xf0<\xc8y\xa3\xb1\xe2u\xde<`\xee3bG\xd7\xf0\xbcF\xe8\xb0\x9b{\xc7\xf0<\xa0\xf2-^Wx\xe3<F\xe8\xb0\x9b{\xc7\xf0<\xa0\xf2-^Wx\xe3\xbc\xc4H\xff@\xdc\xa1\xf2\xbc\xd3\xb1\xab\x8eI\xce\xcf<\xc4H\xff@\xdc\xa1\xf2\xbc\xd3\xb1\xab\x8eI\xce\xcf\xbc\x81\xc9\xd0\xd41\xb9\xc5<\xc7W\x8f,\x1b\r\xf2<\x81\xc9\xd0\xd41\xb9\xc5<\xc7W\x8f,\x1b\r\xf2\xbcQ\xd4\x0b\xf7`\xac\xcf\xbc\xe3_]\x11\x0cx\xf1<Q\xd4\x0b\xf7`\xac\xcf\xbc\xe3_]\x11\x0cx\xf1\xbc\xd4\xcb\xa7lM}\xf3<mx8+F\xb3\xd7<\xd4\xcb\xa7lM}\xf3<mx8+F\xb3\xd7\xbcc0\x11\x15&\xc4\xe0\xbcy\xfaT\x97\xc67\xef<c0\x11\x15&\xc4\xe0\xbcy\xfaT\x97\xc67\xef\xbc\xbf:Mf\xce\x83\xf2\xbc\xff\x03A\x163\xa1\xce<\xbf:Mf\xce\x83\xf2\xbc\xff\x03A\x163\xa1\xce\xbcI\x1c\xc0\x8e7\x8f\xf5<\x8ev\xae\xc4\xd8\xe2\xb0<I\x1c\xc0\x8e7\x8f\xf5<\x8ev\xae\xc4\xd8\xe2\xb0\xbc8""\x1f\xd1\xa3~\xf2<\xae\xdec(}\xc3\xdd<8""\x1f\xd1\xa3~\xf2<\xae\xdec(}\xc3\xdd\xbcU\x0f\xf7`!\x0e\xe6<\xb9\xbf\xf6\x9bad\xec<U\x0f\xf7`!\x0e\xe6<\xb9\xbf\xf6\x9bad\xec\xbc\x90\xaeUj\xda=\xf1<\x02\xd5\x10\xf1zk\xe1<\x90\xaeUj\xda=\xf1<\x02\xd5\x10\xf1zk\xe1\xbc\xc5h\x1a7\xc6l\xf0\xbc\x08n\xbf\xa9(k\xe0<\xc5h\x1a7\xc6l\xf0\xbc\x08n\xbf\xa9(k\xe0\xbc#3\xd1\x15\x93\x89\xea<l\x9d\xf2\xbdAb\xe8<#3\xd1\x15\x93\x89\xea<l\x9d\xf2\xbdAb\xe8\xbc\xe6\xf5eZ\xec\xb3\xeb<\x1a\\\x7f\xd3\xbf\xff\xe6<\xe6\xf5eZ\xec\xb3\xeb<\x1a\\\x7f\xd3\xbf\xff\xe6\xbc\x9c\x0c\x89\xd5\xec!\xf5<\x00\x00\x00\x00\x00\x00\x00\x00\x99s\x87\xd8z_\xe2\xbc\xcd\x12\th\xe1\xca\xed<\x99s\x87\xd8z_\xe2\xbc\xcd\x12\th\xe1\xca\xed\xbc\x90<C\xa3\tp\xea\xbc\xd8\x15\xeaJ\x92@\xe7<\x90<C\xa3\tp\xea\xbc\xd8\x15\xeaJ\x92@\xe7\xbci\xb9\xd9\xb3gs\xdd<\x82G\xbb\xc7\x94h\xf0<i\xb9\xd9\xb3gs\xdd<\x82G\xbb\xc7\x94h\xf0\xbc\x91MKF\xc3n\xd0\xbcZ\xed-\xae6\xdd\xf0<\x91MKF\xc3n\xd0\xbcZ\xed-\xae6\xdd\xf0\xbc.\xfb\x8a\x14\xca\\\xf2\xbc}\x00\xf77\x0e\x86\xa4<.\xfb\x8a\x14\xca\\\xf2\xbc}\x00\xf77\x0e\x86\xa4\xbc\x90\xffQ,\xb5P\xba\xbcmW`f1)\xf1<\x90\xffQ,\xb5P\xba\xbcmW`f1)\xf1\xbcP\x1ds\xe3\x1d\x17\xf2\xbc\x988j\xc4""\\\xc8<P\x1ds\xe3\x1d\x17\xf2\xbc\x988j\xc4""\\\xc8\xbc\xe7w\x91\x13kU\xef\xbcj\x18=\x85\xbf|\xe1<\xe7w\x91\x13kU\xef\xbcj\x18=\x85\xbf|\xe1\xbc\x90>\x85!\xbbe\xae<,\xa3\xc1\xc5\xb9^\xf1<\x90>\x85!\xbbe\xae<,\xa3\xc1\xc5\xb9^\xf1\xbc\xc0!\x983t-\xd2<\x91\xb30\xbd\xde\xe4\xf0<\xc0!\x983t-\xd2<\x91\xb30\xbd\xde\xe4\xf0\xbc\x10NlL[\x1f\xee\xbc\x99\xfe\xffOv\xb4\xe2<\x10NlL[\x1f\xee\xbc\x99\xfe\xffOv\xb4\xe2\xbc\x96X\xb8\xd0~h\xe1<\x03\xeb\xf3x\xcd\xef\xee<\x96X\xb8\xd0~h\xe1<\x03\xeb\xf3x\xcd\xef\xee\xbcne\x1b\xa6\xf4\x8c\xf0\xbcF\x12U/\xcd\x93\xda<ne\x1b\xa6\xf4\x8c\xf0\xbcF\x12U/\xcd\x93\xda\xbc\xc2\x8d\x9c\xf5\x95\xad\xdb\xbc\x9f\t\x03\tE6\xef<\xc2\x8d\x9c\xf5\x95\xad\xdb\xbc\x9f\t\x03\tE6\xef\xbc\xd81k\xd0\rO\xf4<j\xa1\xb1q\x12\xc8\xc3<\xd81k\xd0\rO\xf4<j\xa1\xb1q\x12\xc8\xc3\xbcs^\xa6E\xcbJ\xf2<B\xbc\x98\xcc\xfes\xda<s^\xa6E\xcbJ\xf2<B\xbc\x98\xcc\xfes\xda\xbc\x7f\xcc\xa7\xdc\xb8\x15\xe5\xbc\xfa\x9b.\x10\x08z\xea<\x7f\xcc\xa7\xdc\xb8\x15\xe5\xbc\xfa\x9b.\x10\x08z\xea\xbcvy(`>\xa9\xf1<\xd4\xd5\xaf\x98:B\xdd<vy(`>\xa9\xf1<\xd4\xd5\xaf\x98:B\xdd\xbc\x93\x08\xf2\x05\xac\x01\xf1<"":K\xb4\x0c)\xe0<\x93\x08\xf2\x05\xac\x01\xf1<"":K\xb4\x0c)\xe0\xbcj*\x1d:V\xdf\xef<^W\x00\x9b\x8aV\xe2<j*\x1d:V\xdf\xef<^W\x00\x9b\x8aV\xe2\xbcEq\t\x06\xd4\xa8\xe1\xbcX\xc3 \x85\x13\xc0\xec<Eq\t\x06\xd4\xa8\xe1\xbcX\xc3 \x85\x13\xc0\xec\xbc\xf3n\x0f\x17\x81\x11\xf2\xbc\x00\x00\x00\x00\x00\x00\x00\x00`\x92x\xb1\xeb\x10\xea\xbc{\xed\x01t\x97\x9b\xe5<`\x92x\xb1\xeb\x10\xea\xbc{\xed\x01t\x97\x9b\xe5\xbc:\xb8\xfaW\x13I\xf1\xbc2\xf07\xccj~\xd0<:\xb8\xfaW\x13I\xf1\xbc2\xf07\xccj~\xd0\xbc\x9c\xe8u\xdb\x865\xe7\xbc\xc4_U\xb2{\xeb\xe7<\x9c\xe8u\xdb\x865\xe7\xbc\xc4_U\xb2{\xeb\xe7\xbc~\xb6\xc2\xeb\x86\x17\xdd\xbc\xa1\xb1\x19iv\x10\xee<~\xb6\xc2\xeb\x86\x17\xdd\xbc\xa1\xb1\x19iv\x10\xee\xbc\xb7\xbf\xf8U\x9ay\xe4<\xccK`q\xa5\x7f\xeb<\xb7\xbf\xf8U\x9ay\xe4<\xccK`q\xa5\x7f\xeb\xbc\x91\\\xb3\xba\xb7\xe0\xf1\xbc\x00\x00\x00\x00\x00\x00\x00\x00\xc6\x8e\x90\xa1O}\xe5\xbcDEp\xb5\xe3\x0b\xe9<\xc6\x8e\x90\xa1O}\xe5\xbcDEp\xb5\xe3\x0b\xe9\xbc}\xb1\xd6\xa9\x7f\x18\xc5\xbc;\xe2\x9ci\x99}\xf0<}\xb1\xd6\xa9\x7f\x18\xc5\xbc;\xe2\x9ci\x99}\xf0\xbc6\x85\xe7\xd5`#\xc3<\xc0\xd3\xe7\xd2\x13\x91\xf0<6\x85\xe7\xd5`#\xc3<\xc0\xd3\xe7\xd2\x13\x91\xf0\xbc\x0fQ\\Q\x0c\x10\xd7<\x8e\x8cQ\x7f\xe0\xb8\xef<\x0fQ\\Q\x0c\x10\xd7<\x8e\x8cQ\x7f\xe0\xb8\xef\xbc\xd6d\x07M9w\xea\xbc\xbc\xd4\'E\xa3\x14\xe4<\xd6d\x07M9w\xea\xbc\xbc\xd4\'E\xa3\x14\xe4\xbc\xf2\xed\x08c""\xce\xf2<\xa9\x83yY)z\xd1<\xf2\xed\x08c""\xce\xf2<\xa9\x83yY)z\xd1\xbc\xd5\x06_\x8d\x80i\xf3<(\xa8ak\x93F\xcb<\xd5\x06_\x8d\x80i\xf3<(\xa8ak\x93F\xcb\xbcD\xd0Yp\xd9\xa2\xd4\xbc_O\xaf\xae\xcd\x1b\xef<D\xd0Yp\xd9\xa2\xd4\xbc_O\xaf\xae\xcd\x1b\xef\xbc\x81a\xf3@b#\xf4<\x04zZ\xe7\x94g\xa5<\x81a\xf3@b#\xf4<\x04zZ\xe7\x94g\xa5\xbc,\x9a`\xc9e\x9d\xed\xbc\xc5@\x90\xda3\xe8\xdf<,\x9a`\xc9e\x9d\xed\xbc\xc5@\x90\xda3\xe8\xdf\xbc\xe3m\xf4\xe76\x9f\xe8<r-\xad\xd6\xff6\xe7<\xe3m\xf4\xe76\x9f\xe8<r-\xad\xd6\xff6\xe7\xbc\r\xd0\x12\x04K\xed\xea<Fz5\xbeY\x1d\xe5<\r\xd0\x12\x04K\xed\xea<Fz5\xbeY\x1d\xe5\xbc\xa1|\x92\xf6\x10-\xf1\xbc\x7f3B\xd6R\xa5\xc0<\xa1|\x92\xf6\x10-\xf1\xbc\x7f3B\xd6R\xa5\xc0\xbc\x9d\xda\x04\x8f\x15\x10I<\n\xfeE8}{\xf0<\x9d\xda\x04\x8f\x15\x10I<\n\xfeE8}{\xf0\xbc\xceV\x8a3\xdc\xeb\xf3<w\x07\xfcO\xa8n\xb4<\xceV\x8a3\xdc\xeb\xf3<w\x07\xfcO\xa8n\xb4\xbc\xe3\xf1\xd5jJ\xc7\xb1<\xa2\xa1*\x12)w\xf0<\xe3\xf1\xd5jJ\xc7\xb1<\xa2\xa1*\x12)w\xf0\xbc\xf7:k\xf0BM\xe4<\xe1\x01b\xc7G\r\xea<\xf7:k\xf0BM\xe4<\xe1\x01b\xc7G\r\xea\xbc\x1c\x95\xbd\x1c\r\x8b\xe6<\xcf\x1b\xc5\xf7\xcd3\xe8<\x1c\x95\xbd\x1c\r\x8b\xe6<\xcf\x1b\xc5\xf7\xcd3\xe8\xbcL\xd2\x9a\rHE\xed<\xda65\xd5\xa9m\xe2<L\xd2\x9a\rHE\xed<\xda65\xd5\xa9m\xe2\xbc\xb96\xe6\x9fN\x1a\xd8<\xac\xd6\xfd\xd9u\x01\xef<\xb96\xe6\x9fN\x1a\xd8<\xac\xd6\xfd\xd9u\x01\xef\xbc\xce\xc0\xf6\xb3\x8b6\xf1\xbc\xc8\x84\xe1\x89jd\xb2<\xce\xc0\xf6\xb3\x8b6\xf1\xbc\xc8\x84\xe1\x89jd\xb2\xbc5\xa2\x9f\xadu\x87\xe0<X\x93\xfb_\x8b\xe4\xec<5\xa2\x9f\xadu\x87\xe0<X\x93\xfb_\x8b\xe4\xec\xbc\x1e\xf0L\xd7\x9e\x1c\xef<\xc0\'\xfd\xa0\xd5 \xde<\x1e\xf0L\xd7\x9e\x1c\xef<\xc0\'\xfd\xa0\xd5 \xde\xbc:^\xabD\xb9(\xee<Q\x0c\x92\x06\xf7\x05\xe0<:^\xabD\xb9(\xee<Q\x0c\x92\x06\xf7\x05\xe0\xbc\x90\x8e\xe9\x12\x81U\xe9<R\x92\xe9\n0\xa4\xe4<\x90\x8e\xe9\x12\x81U\xe9<R\x92\xe9\n0\xa4\xe4\xbc\xb8\xec\xbeB\x84\xa2\xf1<#l\x02\xbe8d\xd2<\xb8\xec\xbeB\x84\xa2\xf1<#l\x02\xbe8d\xd2\xbc\xe7\x0c1\x94\\\xa6\xf0<bd\x01\xc1\xf4\x96\xd7<\xe7\x0c1\x94\\\xa6\xf0<bd\x01\xc1\xf4\x96\xd7\xbc\xb2l@\x0b\xea\xe6\xea\xbc\x10\x1a\x0f\xd0\xdcJ\xe2<\xb2l@\x0b\xea\xe6\xea\xbc\x10\x1a\x0f\xd0\xdcJ\xe2\xbc<C\xa7C\xc9\x8c\xed\xbc\\])q?""\xdc<<C\xa7C\xc9\x8c\xed\xbc\\])q?""\xdc\xbc\x04f\xf2\x97\xa7\x86\xef\xbc\xd0\x0f\xb1\x14\xa1\xcf\xd5<\x04f\xf2\x97\xa7\x86\xef\xbc\xd0\x0f\xb1\x14\xa1\xcf\xd5\xbc\xf0\xff\xd1~\xdd\xf9\xef\xbca\xd2b\xb95_\xd0<\xf0\xff\xd1~\xdd\xf9\xef\xbca\xd2b\xb95_\xd0\xbc\x8f8\xab4q\x91\xd4\xbc\xbdC\x95T\x1eN\xee<\x8f8\xab4q\x91\xd4\xbc\xbdC\x95T\x1eN\xee\xbc\x86\xa1bo2X\xe9\xbc\xa0\x01RA\xf2\x92\xe3<\x86\xa1bo2X\xe9\xbc\xa0\x01RA\xf2\x92\xe3\xbc\xf0\x91\xa2\x88\xf8\n\xd8\xbc\x18\x18\xc7\xf6!^\xed<\xf0\x91\xa2\x88\xf8\n\xd8\xbc\x18\x18\xc7\xf6!^\xed\xbc\xecNe\x11s\xdc\xcc<\xca\xa3\x08\x98$e\xef<\xecNe\x11s\xdc\xcc<\xca\xa3\x08\x98$e\xef\xbc\x0c\x13\x1f\xf33\xe6\xae\xbc\xd1&\xc9\xa0\xfb\xd5\xef<\x0c\x13\x1f\xf33\xe6\xae\xbc\xd1&\xc9\xa0\xfb\xd5\xef\xbc6\xb8\xa3z_\x15\xe6\xbc\x116M\x90d\xde\xe5<6\xb8\xa3z_\x15\xe6\xbc\x116M\x90d\xde\xe5\xbc=c\xb6\x94F\xd3\xe1\xbc\x13E\x83\xcf\xab\x97\xe8<=c\xb6\x94F\xd3\xe1\xbc\x13E\x83\xcf\xab\x97\xe8\xbc&l\xf5u\xf5\xdc\xdb<\x00""1\x07\xf4\x93\xec<&l\xf5u\xf5\xdc\xdb<\x00""1\x07\xf4\x93\xec\xbc\x94\xbe\xa8\x9c: \xbd\xbc\xd8\xc5uX""\xe2\xee<\x94\xbe\xa8\x9c: \xbd\xbc\xd8\xc5uX""\xe2\xee\xbcJ\xb5\xf2\xd2\xd9\x1b\xdb\xbc|j\x02>\xf7\xac\xeb<J\xb5\xf2\xd2\xd9\x1b\xdb\xbc|j\x02>\xf7\xac\xeb\xbc\x92\xcfkM\xcd\x03\xe1<\xf6Ie\xd8\xb2{\xea<\x92\xcfkM\xcd\x03\xe1<\xf6Ie\xd8\xb2{\xea\xbc\xb2CVg\xe8\xaf\xed\xbc-T\xb1_\t\xf7\xd6<\xb2CVg\xe8\xaf\xed\xbc-T\xb1_\t\xf7\xd6\xbcQ\x0eI{\x93\x15\xe3\xbcj\xd7!uZ\xd2\xe7<Q\x0eI{\x93\x15\xe3\xbcj\xd7!uZ\xd2\xe7\xbc\x1a\x99C3&\xd7\xef\xbc\xab=\x8a\xba\nK\xc9<\x1a\x99C3&\xd7\xef\xbc\xab=\x8a\xba\nK\xc9\xbc\\\x9d\xc1\xbc&\xe6\xf1<\xd7/Zg\x13\x0b\xc9<\\\x9d\xc1\xbc&\xe6\xf1<\xd7/Zg\x13\x0b\xc9\xbc&I\xe7\x96\xa9X\xf0\xbcl\x8cp""\xeeN\xb0<&I\xe7\x96\xa9X\xf0\xbcl\x8cp""\xeeN\xb0\xbc\x99K\x0c9\xe9\xea\xe5<*\xbf\x1e\xf8\'\x07\xe7<\x99K\x0c9\xe9\xea\xe5<*\xbf\x1e\xf8\'\x07\xe7\xbc2\xc2O\xa5Bx\xcc\xbc\x07\x10\x1b\xe4\xd2\x11\xed<2\xc2O\xa5Bx\xcc\xbc\x07\x10\x1b\xe4\xd2\x11\xed\xbc\xcd\xcdA\x10;\xb0\xf2<\x00\x00\x00\x00\x00\x00\x00\x00\x96$\xa1\xfe\xb3\xc0\xe9\xbc\x10AF\xe5c\xc6\xe0<\x96$\xa1\xfe\xb3\xc0\xe9\xbc\x10AF\xe5c\xc6\xe0\xbc(\xdd\x93\x14\x17B\xee\xbc\x86\x98\xa8\x94:\xfe\xd1<(\xdd\x93\x14\x17B\xee\xbc\x86\x98\xa8\x94:\xfe\xd1\xbc\xfa/\xe3X \x84\xe4<\xc1@\x96\xc0\xbb\x87\xe7<\xfa/\xe3X \x84\xe4<\xc1@\x96\xc0\xbb\x87\xe7\xbcX\x9d\xc6g(6\xf1<\xe1\xb9E\x95\x97u\xce<X\x9d\xc6g(6\xf1<\xe1\xb9E\x95\x97u\xce\xbch\xf5\xcb\x18\xa0\x0e\xeb\xbc\xe2\x87\xdc\xdc\xaf\xeb\xdb<h\xf5\xcb\x18\xa0\x0e\xeb\xbc\xe2\x87\xdc\xdc\xaf\xeb\xdb\xbc\x824^T\xd2\xdd\xe4\xbc\x17\xfc\xa5H\x84\xbb\xe4<\x824^T\xd2\xdd\xe4\xbc\x17\xfc\xa5H\x84\xbb\xe4\xbc\x94\xc1!\xb7NR\xea<\xf8\xfb\x93Qs\xd2\xe1<\x94\xc1!\xb7NR\xea<\xf8\xfb\x93Qs\xd2\xe1\xbc\xb0\x05D\x92\xcc\xe4\xde<\xfa3\xeay\xe9C\xea<\xb0\x05D\x92\xcc\xe4\xde<\xfa3\xeay\xe9C\xea\xbc\xa9\xef\xb4\xbf\x12\xb2\xd9\xbc\x98k\xeeB""k\xea<\xa9\xef\xb4\xbf\x12\xb2\xd9\xbc\x98k\xeeB""k\xea\xbc\x89\xedk\x8d*\xe7\xdc\xbco#\x8d\x1b\x0bR\xe9<\x89\xedk\x8d*\xe7\xdc\xbco#\x8d\x1b\x0bR\xe9\xbcii\xe00O\xd6\xd5\xbc2\xea\xb8\xe7h\xd5\xea<ii\xe00O\xd6\xd5\xbc2\xea\xb8\xe7h\xd5\xea\xbc\xe7#gX\xe1s\xed<\xac\x7f\xb9u\xcd\x83\xda<\xe7#gX\xe1s\xed<\xac\x7f\xb9u\xcd\x83\xda\xbc@\x020&\x19\xa4\xbe<\x0b\xeam\xc8\x97\xaa\xed<@\x020&\x19\xa4\xbe<\x0b\xeam\xc8\x97\xaa\xed\xbc\xfc\x9a`sw\xde\xe7<\x93\x9cQ\x1dO\x15\xe3<\xfc\x9a`sw\xde\xe7<\x93\x9cQ\x1dO\x15\xe3\xbc\xc0PtR\x06\xce\xd5<+x\x9bSu\x86\xec<\xc0PtR\x06\xce\xd5<+x\x9bSu\x86\xec\xbc\x90\x07\xd4\xc6\xad\xd5\xc5<\x83]\x13\x07\x14\xc5\xec<\x90\x07\xd4\xc6\xad\xd5\xc5<\x83]\x13\x07\x14\xc5\xec\xbc\xabE\xba\xfft\xf0\xf0<\xf7n3 6\xa0e<\xabE\xba\xfft\xf0\xf0<\xf7n3 6\xa0e\xbci&}\xdc\x05\xf2\xc9<""?\x7f\xee\x13\x81\xec<i&}\xdc\x05\xf2\xc9<""?\x7f\xee\x13\x81\xec\xbc\x1a\xa13\x1bp@\xe3<\x87?9s*d\xe6<\x1a\xa13\x1bp@\xe3<\x87?9s*d\xe6\xbc\x1d\t\x19U\x9fj\xf0<\xf3p\xf1\x12p\xf7\xcc<\x1d\t\x19U\x9fj\xf0<\xf3p\xf1\x12p\xf7\xcc\xbc\xd4\xf3 \xa9TY\xd2<y\xf7Q~\xd5\xe1\xeb<\xd4\xf3 \xa9TY\xd2<y\xf7Q~\xd5\xe1\xeb\xbc\xd0\xf8\x89\xb5O\xfe\xd9<;\xc0\xb2\xac\xe5}\xea<\xd0\xf8\x89\xb5O\xfe\xd9<;\xc0\xb2\xac\xe5}\xea\xbc\xa8\x91\xcc\x04\xfd\x03\xe1<(&\x1eKC\x7f\xe7<\xa8\x91\xcc\x04\xfd\x03\xe1<(&\x1eKC\x7f\xe7\xbc\x1b)\x82jK\xb3\xf1<G\xae\xa8\x96\x17l\xb1<\x1b)\x82jK\xb3\xf1<G\xae\xa8\x96\x17l\xb1\xbc\xb4A\xc82\x19x\xf1<\x1d\x08\xfe\xe9\x7f@\xba<\xb4A\xc82\x19x\xf1<\x1d\x08\xfe\xe9\x7f@\xba\xbc\xb2\x9d8\x17\xce\xd9\xdd<e^\xe6\xc3\xf2\xcb\xe8<\xb2\x9d8\x17\xce\xd9\xdd<e^\xe6\xc3\xf2\xcb\xe8\xbcw\xc8\xf9\xd8jg\xef\xbc\x00\x00\x00\x00\x00\x00\x00\x00\xc4\x8c\xed\xfa\x98o\x94\xbc&\xc4h;\x97\x1b\xed<\xc4\x8c\xed\xfa\x98o\x94\xbc&\xc4h;\x97\x1b\xed\xbce\x9c\xfc%\x1f\x11\xc2\xbc\x044V\x1d\xcb\x91\xec<e\x9c\xfc%\x1f\x11\xc2\xbc\x044V\x1d\xcb\x91\xec\xbc\xe2\xa4\xb3\x1a\x16M\xe3\xbc\rK(\x7f;\x80\xe5<\xe2\xa4\xb3\x1a\x16M\xe3\xbc\rK(\x7f;\x80\xe5\xbcf3\xd6\x05\xb4\xcc\xb9\xbc\x06\x0b\x1f\xcf\xba{\xec<f3\xd6\x05\xb4\xcc\xb9\xbc\x06\x0b\x1f\xcf\xba{\xec\xbc\xa8\r\xf2MB\x05\xe0\xbcu\xb3\x83\x88\xb71\xe7<\xa8\r\xf2MB\x05\xe0\xbcu\xb3\x83\x88\xb71\xe7\xbc\x0cjl\xd1\xe9#\xce\xbc\x8e\x80\x8b\x1a\xc0\xe9\xea<\x0cjl\xd1\xe9#\xce\xbc\x8e\x80\x8b\x1a\xc0\xe9\xea\xbc\x18P\x94\xca\x1f\xc7\xe9\xbc,\xee\xf8\xa4\xb2\xee\xdb<\x18P\x94\xca\x1f\xc7\xe9\xbc,\xee\xf8\xa4\xb2\xee\xdb\xbc!`\xc4f\x1d\xae\xed\xbc\xcb\x89\xe2r\xf8\xdc\xb1<!`\xc4f\x1d\xae\xed\xbc\xcb\x89\xe2r\xf8\xdc\xb1\xbc\xc4\xa0\xec\x8d\x13\xf9\xec\xbcNZ\x14\x0e\xd6$\xc5<\xc4\xa0\xec\x8d\x13\xf9\xec\xbcNZ\x14\x0e\xd6$\xc5\xbc(\xb8\x9b\x7f\x86)\xea\xbcT\xda\x98/^\xfd\xd7<(\xb8\x9b\x7f\x86)\xea\xbcT\xda\x98/^\xfd\xd7\xbc\xfa\x16\\\xa3\xd5\xcc\xe9\xbc\x9b\x82\xb9\xebOM\xd9<\xfa\x16\\\xa3\xd5\xcc\xe9\xbc\x9b\x82\xb9\xebOM\xd9\xbc\x88\xcbY\xdb\x14d\xd2\xbc\x04 \x08\x83];\xea<\x88\xcbY\xdb\x14d\xd2\xbc\x04 \x08\x83];\xea\xbc\xee\xa6j\xdb\xef~\xeb\xbc\xdfN\t\x9f\xa9N\xd2<\xee\xa6j\xdb\xef~\xeb\xbc\xdfN\t\x9f\xa9N\xd2\xbc\x9c\x89\x19\xbaN\xdc\xe7\xbcP[\x96d\xef\xed\xdd<\x9c\x89\x19\xbaN\xdc\xe7\xbcP[\x96d\xef\xed\xdd\xbc\xac?=\x8e\x9f\xcf\xc0\xbc\t\x97Wn\xed2\xeb<\xac?=\x8e\x9f\xcf\xc0\xbc\t\x97Wn\xed2\xeb\xbc\x94$\xd0$\xcd\xcf\xec\xbc\xbcG\xd6m\xc3\x00\xc1<\x94$\xd0$\xcd\xcf\xec\xbc\xbcG\xd6m\xc3\x00\xc1\xbcB*\xda\xe1[(\xe9<j|\xd6\xea\xe1\xe4\xdf<B*\xda\xe1[(\xe9<j|\xd6\xea\xe1\xe4\xdf\xbc\x8bi\x16hB\x17\xee\xbc\x00\x00\x00\x00\x00\x00\x00\x00\xae3\xc2\xdd\xa0!\xf0<\x13\xd1\xa3+vO\xc5<\xae3\xc2\xdd\xa0!\xf0<\x13\xd1\xa3+vO\xc5\xbc\x88\xf0\x81\xc9\xc5\x16\xd5<\xbc\x9b\x97Um\xcd\xe9<\x88\xf0\x81\xc9\xc5\x16\xd5<\xbc\x9b\x97Um\xcd\xe9\xbc\x05\ra\x1bO\x16\xe6\xbcl\xae\xc2\x0c \xd9\xde<\x05\ra\x1bO\x16\xe6\xbcl\xae\xc2\x0c \xd9\xde\xbc)\xf3\xfcn\x04\x94\xe1\xbc\xdd-\x01B\xe3\xc2\xe3<)\xf3\xfcn\x04\x94\xe1\xbc\xdd-\x01B\xe3\xc2\xe3\xbc\xf4\x90\x82k\x84+\xca\xbc\x93\x8bZ\xbb\xbaQ\xe9<\xf4\x90\x82k\x84+\xca\xbc\x93\x8bZ\xbb\xbaQ\xe9\xbc\xc4\xbd\xd1u:K\xa3<M\x84\x9e\x19\xfc\xdb\xea<\xc4\xbd\xd1u:K\xa3<M\x84\x9e\x19\xfc\xdb\xea\xbc\x86\x83\xd3MSO\xe3<\x15\xbbGa\xd0\x90\xe4<\x86\x83\xd3MSO\xe3<\x15\xbbGa\xd0\x90\xe4\xbc\xe8\xd8\xa3/O\xf3\xeb<P\x18\xfe\x03\x8be\xd7<\xe8\xd8\xa3/O\xf3\xeb<P\x18\xfe\x03\x8be\xd7\xbc\x02^\xd9\x8f\xe9\xb1\xd0<\xcb&\x13gO\x03\xea<\x02^\xd9\x8f\xe9\xb1\xd0<\xcb&\x13gO\x03\xea\xbc.O\x14k=\t\xe7\xbc\xdc\xc7\xb5z\xa0H\xda<.O\x14k=\t\xe7\xbc\xdc\xc7\xb5z\xa0H\xda\xbc ""\xd8K\x024\xe8<l+\xc1\xc2Jy\xde< ""\xd8K\x024\xe8<l+\xc1\xc2Jy\xde\xbc\x12\xae\xbf\xa9\xc7q\xea<\xd8-\xd9}\x86\x1b\xd9<\x12\xae\xbf\xa9\xc7q\xea<\xd8-\xd9}\x86\x1b\xd9\xbc\x90\x8a=n>\xf8\xe4<n\x01\xf5\xd5\xf8\xf7\xe1<\x90\x8a=n>\xf8\xe4<n\x01\xf5\xd5\xf8\xf7\xe1\xbcR\xba\x0chG0\xec\xbc\x00\x00\x00\x00\x00\x00\x00\x00\xe8~uX\x04\x92\xea\xbc\x87.\x95`\x14\x9f\xca<\xe8~uX\x04\x92\xea\xbc\x87.\x95`\x14\x9f\xca\xbcF\xba&\x12\x95\x86\xd7\xbc\xc68\xcd\xbeOg\xe7<F\xba&\x12\x95\x86\xd7\xbc\xc68\xcd\xbeOg\xe7\xbc\xa2\xe5\xdd\xe28Z\xa7\xbc\x1b\xa1\x18\xe2\x15l\xea<\xa2\xe5\xdd\xe28Z\xa7\xbc\x1b\xa1\x18\xe2\x15l\xea\xbc\xc2"" \xb3d\xf9\xbd<\xa7\xb9\xc4~\xe2\x86\xea<\xc2"" \xb3d\xf9\xbd<\xa7\xb9\xc4~\xe2\x86\xea\xbc\xdf\xa9\xc3\xd7 \xb9\xed<o+\xb2\x86p\x03\xce<\xdf\xa9\xc3\xd7 \xb9\xed<o+\xb2\x86p\x03\xce\xbc\xfa0\xab\t<H\xec<\xc0\x8b\xc2M\x11\xbd\xd2<\xfa0\xab\t<H\xec<\xc0\x8b\xc2M\x11\xbd\xd2\xbc\n\xca\xf3\xc1Vk\xe6<\xe4\xd9|YeL\xe0<\n\xca\xf3\xc1Vk\xe6<\xe4\xd9|YeL\xe0\xbc\x12\x1em\xcd\xab=\xef<B\xa9\xe5\x96Y\xb0\xc3<\x12\x1em\xcd\xab=\xef<B\xa9\xe5\x96Y\xb0\xc3\xbc\xa8\xa7i\xef\x9d\x95\xe1<\x00l6X\x1d\xe3\xe3<\xa8\xa7i\xef\x9d\x95\xe1<\x00l6X\x1d\xe3\xe3\xbc\x83~\xc5\xae}\x86\xd9<4\xd5\xf6\xbd\xdc\xd2\xe7<\x83~\xc5\xae}\x86\xd9<4\xd5\xf6\xbd\xdc\xd2\xe7\xbc\xfe\x88:\x9e\xf0G\xe3<\x1a\x05r\x07\xc8k\xe2<\xfe\x88:\x9e\xf0G\xe3<\x1a\x05r\x07\xc8k\xe2\xbc\xd3\x12\xdf_x\xef\xea\xbc\x08\xa1\xc4\x01\xbcV\xb9<\xd3\x12\xdf_x\xef\xea\xbc\x08\xa1\xc4\x01\xbcV\xb9\xbc\x0c\x15+\xcd\r\xa5\xe4\xbcyd\xce\xaa_\xe7\xdf<\x0c\x15+\xcd\r\xa5\xe4\xbcyd\xce\xaa_\xe7\xdf\xbc)\x1f\xc9\xbai\xfd\xe2\xbc\t\xd7^\xa2\xe4K\xe1<)\x1f\xc9\xbai\xfd\xe2\xbc\t\xd7^\xa2\xe4K\xe1\xbc\xe8GO\x0b\x0c\xce\xe3\xbcP\x8cG\xec\xf0&\xe0<\xe8GO\x0b\x0c\xce\xe3\xbcP\x8cG\xec\xf0&\xe0\xbc;\xea\xe5\x04\xf5\xcf\xd5\xbc\xd7\xcb\xd0\x9b\x00\x1e\xe7<;\xea\xe5\x04\xf5\xcf\xd5\xbc\xd7\xcb\xd0\x9b\x00\x1e\xe7\xbc""~\x90X\x9bo\xdd\xbc\xec\xaf\r\x96C\xfe\xe3<""~\x90X\x9bo\xdd\xbc\xec\xaf\r\x96C\xfe\xe3\xbc/^\xef)\x9bt\xa3<\xf4e\xdf[0\xd9\xe8</^\xef)\x9bt\xa3<\xf4e\xdf[0\xd9\xe8\xbc\xa5\n|g\xf8\x14\xcd<\xd1\x11M\x85\xdb\xae\xe8<\xa5\n|g\xf8\x14\xcd<\xd1\x11M\x85\xdb\xae\xe8\xbcR\x0f\x06H\xe7`\xdd<\xb6\xcf\x99\x02\x04\xf3\xe5<R\x0f\x06H\xe7`\xdd<\xb6\xcf\x99\x02\x04\xf3\xe5\xbc\x94P\x83 \x99D\xd2<G\xaf\xa6!\x00\xa3\xe7<\x94P\x83 \x99D\xd2<G\xaf\xa6!\x00\xa3\xe7\xbch%A\x07t\x03\xd8<\x0e:\x12C\xe7\x19\xe6<h%A\x07t\x03\xd8<\x0e:\x12C\xe7\x19\xe6\xbc\x1e\x89IN1\xd5\xee<\x1f\x83Cd\xca\xd3\xa4<\x1e\x89IN1\xd5\xee<\x1f\x83Cd\xca\xd3\xa4\xbcLP\xa0\xf60\xf7\xec<W\xbb\xff$)c\xcc<LP\xa0\xf60\xf7\xec<W\xbb\xff$)c\xcc\xbcZ\x97}\xaf\x18^\xee<\xccIo\x9b\xe3\x96\xaa<Z\x97}\xaf\x18^\xee<\xccIo\x9b\xe3\x96\xaa\xbc\xb8\x02\x03\x9b9\xce\xe6<a\xda\xbe\x0f\xb2\xa8\xdc<\xb8\x02\x03\x9b9\xce\xe6<a\xda\xbe\x0f\xb2\xa8\xdc\xbc\x9f[\x103k@\xed<\xa9\xc8\xceuMw\xc2<\x9f[\x103k@\xed<\xa9\xc8\xceuMw\xc2\xbc\x83\xfa\xa8\xc4W\xf2\xe2<\r\x7f\xa0\xfe\xd8\x08\xe1<\x83\xfa\xa8\xc4W\xf2\xe2<\r\x7f\xa0\xfe\xd8\x08\xe1\xbc\x8e\x92\xa3\xbfua\xe8<\x9f.\x17C\x1d\xe9\xd6<\x8e\x92\xa3\xbfua\xe8<\x9f.\x17C\x1d\xe9\xd6\xbc\x0en\x90\xa0\x8a\xed\xea<z\xe4]\x89\xb5F\xcf<\x0en\x90\xa0\x8a\xed\xea<z\xe4]\x89\xb5F\xcf\xbc\x19\x0c\xaeB\xe3\x10\xe7<\x03\x83\x85\xfd\x90\x92\xd9<\x19\x0c\xaeB\xe3\x10\xe7<\x03\x83\x85\xfd\x90\x92\xd9\xbc\xb2\xfb\x8d\xd4\xe4\x98\xe9<Rf\xb7\xca.\xae\xd1<\xb2\xfb\x8d\xd4\xe4\x98\xe9<Rf\xb7\xca.\xae\xd1\xbc\x1e\x08\x00\xea\rz\xe7\xbc\xc3!\x01r\xf5j\xd2<\x1e\x08\x00\xea\rz\xe7\xbc\xc3!\x01r\xf5j\xd2\xbc\xa3\x04Z\xf7\'7\xe0\xbc\x19\xc3vW\x18\x95\xe1<\xa3\x04Z\xf7\'7\xe0\xbc\x19\xc3vW\x18\x95\xe1\xbc\x86#\x03B\x0e.\xbf\xbc\'\x86\x1e\x84u\x87\xe7<\x86#\x03B\x0e.\xbf\xbc\'\x86\x1e\x84u\x87\xe7\xbc""\xbdzv\x18k\xe6<k\xd2\xa9\x15\r\x9d\xd9<""\xbdzv\x18k\xe6<k\xd2\xa9\x15\r\x9d\xd9\xbc\x8a\xe8\x15U\xb1\x99\xe9\xbc\x00\x00\x00\x00\x00\x00\x00\x00\x86\xfc\x1d\xaf_0\xe9\xbc\xf7n\x81\xfd\x89m\xc0<\x86\xfc\x1d\xaf_0\xe9\xbc\xf7n\x81\xfd\x89m\xc0\xbc\xf0d\x05\xe4\x10\xc0\xe8\xbc\x97d\x97\xd1\xa6\x7f\xc3<\xf0d\x05\xe4\x10\xc0\xe8\xbc\x97d\x97\xd1\xa6\x7f\xc3\xbcK6\xf8$US\xd2\xbc\x1f\x12\xf0\x7f\xe66\xe5<K6\xf8$US\xd2\xbc\x1f\x12\xf0\x7f\xe66\xe5\xbc\x94n\xba\x8f\xc5\xc2\xe1\xbc\xb7\xd5\xd5\xa0\'\xa7\xde<\x94n\xba\x8f\xc5\xc2\xe1\xbc\xb7\xd5\xd5\xa0\'\xa7\xde\xbc.\xf4\x06-p\x95\xd8\xbci\xd5\xb9\xb6Ju\xe3<.\xf4\x06-p\x95\xd8\xbci\xd5\xb9\xb6Ju\xe3\xbc""j\xccI\xee\xfb\xe4\xbc\x81Om\x91j\xb3\xd7<""j\xccI\xee\xfb\xe4\xbc\x81Om\x91j\xb3\xd7\xbc\xb2\x1dM~ \xa9\xd7<\xed\xd8\x0c\xf4[ \xe5<\xb2\x1dM~ \xa9\xd7<\xed\xd8\x0c\xf4[ \xe5\xbcJ!>\xfcW\x81\xe8<\x13\xdbz\'\x9d\xf8\xd1<J!>\xfcW\x81\xe8<\x13\xdbz\'\x9d\xf8\xd1\xbc>8\xef\x80\x84\xf4\xec<\x00\x00\x00\x00\x00\x00\x00\x00N~\xc0\xa4\rD\xe3<\xc7\xba\t\xc9\x96\xb3\xdb<N~\xc0\xa4\rD\xe3<\xc7\xba\t\xc9\x96\xb3\xdb\xbc\xb8\x04\xd0e\x8d[\xe0<\\\x1ah`\xcd\xa0\xe0<\xb8\x04\xd0e\x8d[\xe0<\\\x1ah`\xcd\xa0\xe0\xbc\x0c\xe6\xcb.t\xb2\xc0<\x19m\x87\xc7\x9b9\xe7<\x0c\xe6\xcb.t\xb2\xc0<\x19m\x87\xc7\x9b9\xe7\xbchB\xa1.\x12%\xc8\xbc\x86\x9ad\xc9^\x0c\xe6<hB\xa1.\x12%\xc8\xbc\x86\x9ad\xc9^\x0c\xe6\xbc<\xf7%\xbc\xe4#\xcc\xbc>\xfej\xc5\x95\xd1\xe5<<\xf7%\xbc\xe4#\xcc\xbc>\xfej\xc5\x95\xd1\xe5\xbc\xe8 \xec\r\xcc\x08\xe7\xbc\xe1\x1aT\xd0\xcd?\xd0<\xe8 \xec\r\xcc\x08\xe7\xbc\xe1\x1aT\xd0\xcd?\xd0\xbc\x15\xc3\x10\xa2\xbe6\xd4\xbc\x9e\x158?@\x8c\xe3<\x15\xc3\x10\xa2\xbe6\xd4\xbc\x9e\x158?@\x8c\xe3\xbc\x8e\x93\xd7\x03e\xb0\xe5\xbc\xcd\x0b\x86\x15\xd0\x93\xd2<\x8e\x93\xd7\x03e\xb0\xe5\xbc\xcd\x0b\x86\x15\xd0\x93\xd2\xbc\x8b.\x16\xc6?\xa7\xea<\x92N\x03\xf2\xa0\xe5\xc1<\x8b.\x16\xc6?\xa7\xea<\x92N\x03\xf2\xa0\xe5\xc1\xbcR\x0b=\x0fHz\xdb\xbc\xba7\xd1\xe1/\x89\xe1<R\x0b=\x0fHz\xdb\xbc\xba7\xd1\xe1/\x89\xe1\xbc\x8d\xc6\xe1\x8b\r\x19\xdc\xbc\x9f\x92n\xcb\xa4\xf2\xe0<\x8d\xc6\xe1\x8b\r\x19\xdc\xbc\x9f\x92n\xcb\xa4\xf2\xe0\xbc(;\x80\x93\xcf3\xe1\xbc\xc8\xa4%\x1f=&\xdd<(;\x80\x93\xcf3\xe1\xbc\xc8\xa4%\x1f=&\xdd\xbcs\xf5\x1ae\xddl\xe5\xbcLx\xf8\x8dhX\xcd<s\xf5\x1ae\xddl\xe5\xbcLx\xf8\x8dhX\xcd\xbc\x8e\xe6U\x97\x84\xc0\xe7\xbc\x10q\xaaJ\xf0\xd3\xb2<\x8e\xe6U\x97\x84\xc0\xe7\xbc\x10q\xaaJ\xf0\xd3\xb2\xbc\xea\xd2DR\xe0V\xbf<v\x11\x04\x8d\xc3\xbe\xe6<\xea\xd2DR\xe0V\xbf<v\x11\x04\x8d\xc3\xbe\xe6\xbcP\xdcAt\xb8\x92\xa9<\x80\xd5\xcc\xc54\x91\xe6<P\xdcAt\xb8\x92\xa9<\x80\xd5\xcc\xc54\x91\xe6\xbc:\x89\xb4\xd2d\xc4\xea<I\xf0\x8c\x15\x9b6\xb4<:\x89\xb4\xd2d\xc4\xea<I\xf0\x8c\x15\x9b6\xb4\xbc\xe3\xd5\xfeE\xba~\xdc<8C\x1f\xfb\xe5\x84\xe2<\xe3\xd5\xfeE\xba~\xdc<8C\x1f\xfb\xe5\x84\xe2\xbcL\x998!\xc2\xd6\xbd\xbc\xd3$\xba\xb6I\xfa\xe4<L\x998!\xc2\xd6\xbd\xbc\xd3$\xba\xb6I\xfa\xe4\xbc\xc0\x19\x0f\x04\xdb\xfa\xe7<\xf0\xcd\x1bPq?\xcb<\xc0\x19\x0f\x04\xdb\xfa\xe7<\xf0\xcd\x1bPq?\xcb\xbcX\x1e\x02MM\xdf\xd0<k\xf0\xee}\xfb\xdb\xe4<X\x1e\x02MM\xdf\xd0<k\xf0\xee}\xfb\xdb\xe4\xbc4\xf5b\xb1k#\xe6<\x95\nb\xbc\xf0\xb3\xd1<4\xf5b\xb1k#\xe6<\x95\nb\xbc\xf0\xb3\xd1\xbc$M\x08\xbe\xd1\xa5\xd2<1q\x04\xf4x\x10\xe4<$M\x08\xbe\xd1\xa5\xd2<1q\x04\xf4x\x10\xe4\xbc\x8c\xd3?\xd9\xcc\xd8\xb4\xbc\x07\x1e\x8f`D\r\xe5<\x8c\xd3?\xd9\xcc\xd8\xb4\xbc\x07\x1e\x8f`D\r\xe5\xbc\x12R:\xe9-;\xdd<\xaf\xe2\xa6\xaa\x85\x83\xe0<\x12R:\xe9-;\xdd<\xaf\xe2\xa6\xaa\x85\x83\xe0\xbc\x07f\xc9b\xb2{\xe2\xbcD\x10\xd4Guy\xd4<\x07f\xc9b\xb2{\xe2\xbcD\x10\xd4Guy\xd4\xbc\xbc\xd6\xdc\x05k\x81\xc8<\x95)\xc6Q77\xe5<\xbc\xd6\xdc\x05k\x81\xc8<\x95)\xc6Q77\xe5\xbc\xe0\xa1c0l\xbf\xbb<7\xf9\x860\xact\xe5<\xe0\xa1c0l\xbf\xbb<7\xf9\x860\xact\xe5\xbc\xa0W$\xc2\xed\xae\xe1<~\xd1\xf1\x05\xeec\xda<\xa0W$\xc2\xed\xae\xe1<~\xd1\xf1\x05\xeec\xda\xbc\xb9\xcd\xf8\xb5\xf1\x7f\xe3<\xd9\xcd\xeb$\xceM\xd5<\xb9\xcd\xf8\xb5\xf1\x7f\xe3<\xd9\xcd\xeb$\xceM\xd5\xbc<\xb1BhL\xae\xd2\xbc\x19\xc3({+\xce\xe1<<\xb1BhL\xae\xd2\xbc\x19\xc3({+\xce\xe1\xbc\xc2\n.F\xf1|\xd6\xbcV\xb5?\xad\x13p\xe0<\xc2\n.F\xf1|\xd6\xbcV\xb5?\xad\x13p\xe0\xbc\xces\xe7\x15\xa5\xcf\xe8<\xcc0\x12_\xa8c\xc0<\xces\xe7\x15\xa5\xcf\xe8<\xcc0\x12_\xa8c\xc0\xbc\xces\x9a\xae\x0c\x1c\xe4\xbcG\xb93\xf1}\xce\xcf<\xces\x9a\xae\x0c\x1c\xe4\xbcG\xb93\xf1}\xce\xcf\xbc\x1e""\x1c\xb9=]\xd9\xbc;OzI\t\x89\xde<\x1e""\x1c\xb9=]\xd9\xbc;OzI\t\x89\xde\xbc\xc5tDj\x89-\xe2\xbc\xd4lew\xbcA\xd4<\xc5tDj\x89-\xe2\xbc\xd4lew\xbcA\xd4\xbc^\xe0AM\xce\xa6\xe5\xbc0\xd0\x17\x7f\x1d\x1b\xba<^\xe0AM\xce\xa6\xe5\xbc0\xd0\x17\x7f\x1d\x1b\xba\xbc\xf2\t<\xa5\xf7\xeb\xe5\xbc\xa3a\xed>\x07\x03\xb3<\xf2\t<\xa5\xf7\xeb\xe5\xbc\xa3a\xed>\x07\x03\xb3\xbc\xfd\x1b\'\'\xcf\x05\xe8<6\x14$\xb14J\xc2<\xfd\x1b\'\'\xcf\x05\xe8<6\x14$\xb14J\xc2\xbcU9[ \xcbN\xdf\xbc\xcc\x07\x85y\xc67\xd8<U9[ \xcbN\xdf\xbc\xcc\x07\x85y\xc67\xd8\xbc\xa8\x05\xdb\xc2\xfc\xa7\xe0\xbc\x81\xb2\xde,\xb7A\xd6<\xa8\x05\xdb\xc2\xfc\xa7\xe0\xbc\x81\xb2\xde,\xb7A\xd6\xbc\xc5b\xeb\x18\x1fV\xe5\xbc\x13\xe22u\x14\x91\x90<\xc5b\xeb\x18\x1fV\xe5\xbc\x13\xe22u\x14\x91\x90\xbcP\r\xfa\x982|\xe6<\x08\xb1c6H\xe5\xc6<P\r\xfa\x982|\xe6<\x08\xb1c6H\xe5\xc6\xbc;\xb15oh\x1c\xdd\xbck0\xb9L\x91\x93\xd9<;\xb15oh\x1c\xdd\xbck0\xb9L\x91\x93\xd9\xbcB\xbe4\x0e6R\x8a\xbc\xa1\xd4\xb6fq\x07\xe4<B\xbe4\x0e6R\x8a\xbc\xa1\xd4\xb6fq\x07\xe4\xbc\x1e\x02B\x13k\x84\xc9\xbc\xec\xa2\x05\x1a""\xf0\xe1<\x1e\x02B\x13k\x84\xc9\xbc\xec\xa2\x05\x1a""\xf0\xe1\xbc:\xd9_\xa8\x95\xe5\xc6\xbcu\xa28\xf6\x9d\x13\xe2<:\xd9_\xa8\x95\xe5\xc6\xbcu\xa28\xf6\x9d\x13\xe2\xbc\xd6\x89\xa2\x06\xd2\x83\xe9<\xdd\x1d\xb1\xe8JC\x94<\xd6\x89\xa2\x06\xd2\x83\xe9<\xdd\x1d\xb1\xe8JC\x94\xbc$\xd2z\xc8#E\xd7<\x95\xf3\xae\xedv#\xe0<$\xd2z\xc8#E\xd7<\x95\xf3\xae\xedv#\xe0\xbc\xccz,N\x01\xdf\xa4<\xa4\xfe$jK\xe3\xe2<\xccz,N\x01\xdf\xa4<\xa4\xfe$jK\xe3\xe2\xbc\xfe\xe9\xa3}\xfa\x94\xe5<\x15e\x8c1L\xcb\xcc<\xfe\xe9\xa3}\xfa\x94\xe5<\x15e\x8c1L\xcb\xcc\xbc~\xba:ICJ\xda<\xecFy\xc5\xc8\x0f\xde<~\xba:ICJ\xda<\xecFy\xc5\xc8\x0f\xde\xbc\x88\x10GHva\xe4<\x91T\xfdI\x7f\x9f\xcf<\x88\x10GHva\xe4<\x91T\xfdI\x7f\x9f\xcf\xbc\x9e5\x9d\xa6\x8cF\xb9\xbc=I\x94\x99\x8e\x8f\xe2<\x9e5\x9d\xa6\x8cF\xb9\xbc=I\x94\x99\x8e\x8f\xe2\xbcf\'\xb7\xf5\xee\xf7\xdb<\xf5\xed\x0cNf \xdb<f\'\xb7\xf5\xee\xf7\xdb<\xf5\xed\x0cNf \xdb\xbciS\x1f\x1e\xdc\x98\xe0<\xe5\x8f\x83\x10~\xc8\xd6<iS\x1f\x1e\xdc\x98\xe0<\xe5\x8f\x83\x10~\xc8\xd6\xbc\xd2\xd7L\xfa\xc5m\xe2\xbcy\x0fR\x83.j\xc7<\xd2\xd7L\xfa\xc5m\xe2\xbcy\x0fR\x83.j\xc7\xbc\x94\xd7\xb5\xc1\xa1*\xc2<\xbd\xe1{\x82&\xf5\xe2<\x94\xd7\xb5\xc1\xa1*\xc2<\xbd\xe1{\x82&\xf5\xe2\xbc.w\x80\xac\xf7m\xd8\xbc\xd3\xc1\x0f\xd8O\xc9\xdb<.w\x80\xac\xf7m\xd8\xbc\xd3\xc1\x0f\xd8O\xc9\xdb\xbcX\xcbP\'H\x1a\xda\xbc3\xfd\xbd\xbb\xcd\xb1\xd9<X\xcbP\'H\x1a\xda\xbc3\xfd\xbd\xbb\xcd\xb1\xd9\xbc\x00\x1bT\xcc\x85!\x92<\xd0\x10/\xd8,3\xe2<\x00\x1bT\xcc\x85!\x92<\xd0\x10/\xd8,3\xe2\xbc\xcad\x7f\xb1`S\xe1\xbc\xbe\x1dd\xfd\x1a\xb9\xca<\xcad\x7f\xb1`S\xe1\xbc\xbe\x1dd\xfd\x1a\xb9\xca\xbc\xa4K\x90\th\xb9\xde\xbc\xd0\x8a\x07\x9c-\x9e\xd1<\xa4K\x90\th\xb9\xde\xbc\xd0\x8a\x07\x9c-\x9e\xd1\xbcN\xdak\x01\xce\x87\xd2\xbc\xa3p\x18\x18\x8a4\xdd<N\xdak\x01\xce\x87\xd2\xbc\xa3p\x18\x18\x8a4\xdd\xbc\xc0sC\x92\xb8\x1f\xc7<.\xe60en)\xe2<\xc0sC\x92\xb8\x1f\xc7<.\xe60en)\xe2\xbc);\x00H\xba\x9d\xd1<\x85E\x07\xb0\x9c\x1b\xe1<);\x00H\xba\x9d\xd1<\x85E\x07\xb0\x9c\x1b\xe1\xbc\xa27\x98P\xf86\xd6\xbc\x8aY\xb4\xa9\x87\x08\xd9<\xa27\x98P\xf86\xd6\xbc\x8aY\xb4\xa9\x87\x08\xd9\xbc\xa0{\x8a\xdb\xed$\xb0\xbc\xfa\xf0H9E=\xe0<\xa0{\x8a\xdb\xed$\xb0\xbc\xfa\xf0H9E=\xe0\xbc\xa8NUT\xdaa\xe0<\x98\x046\xd19\x0b\xd4<\xa8NUT\xdaa\xe0<\x98\x046\xd19\x0b\xd4\xbc\xb6\xad\xec\x03\xf4\xc3\xe3<Q\xb0^f\xf3\x1b\xc5<\xb6\xad\xec\x03\xf4\xc3\xe3<Q\xb0^f\xf3\x1b\xc5\xbc\xb0/\xb66\xa8\x0c\xdc\xbc\x9c\x00\x1c\x8e\xbf`\xd3<\xb0/\xb66\xa8\x0c\xdc\xbc\x9c\x00\x1c\x8e\xbf`\xd3\xbc8mqv\xcb\xb3\x82<\xdb\x81g\xeb\xf2\xa2\xe0<8mqv\xcb\xb3\x82<\xdb\x81g\xeb\xf2\xa2\xe0\xbcB\x9d:\x82\xb4\xbc\xb9<N\xbf\xfc\x19\xc9\x92\xe0<B\x9d:\x82\xb4\xbc\xb9<N\xbf\xfc\x19\xc9\x92\xe0\xbcHW\xb0ePX\xe1<QF\x7f`\xb4)\xcb<HW\xb0ePX\xe1<QF\x7f`\xb4)\xcb\xbc\xd4&\x11\xf4\xc0^\xcb<\x12\x1754\xfa\x00\xe0<\xd4&\x11\xf4\xc0^\xcb<\x12\x1754\xfa\x00\xe0\xbc\x84\xbcq{\x1a\x84\xd4<\x15Hc\x8f\xe4U\xdc<\x84\xbcq{\x1a\x84\xd4<\x15Hc\x8f\xe4U\xdc\xbc>\xfa,?E\xa6\xd1<\x07je8.\x85\xde<>\xfa,?E\xa6\xd1<\x07je8.\x85\xde\xbcG\x96\xd6\x85\xb6*\xde<\xb9<\xa4\xeb\x81\xf4\xd0<G\x96\xd6\x85\xb6*\xde<\xb9<\xa4\xeb\x81\xf4\xd0\xbc\x1f-\xe7\xd3\xd3\xcd\xd9<\xce3~\xd9\x88\xcf\xd8<\x1f-\xe7\xd3\xd3\xcd\xd9<\xce3~\xd9\x88\xcf\xd8\xbc\xea\x9b\xf2>\xc3`\xcd<D\x05P,\x0c\x0c\xde<\xea\x9b\xf2>\xc3`\xcd<D\x05P,\x0c\x0c\xde\xbc""\xe1}[\x10\xa1\xdb<\xeb\xe4B\x82\xd73\xd4<""\xe1}[\x10\xa1\xdb<\xeb\xe4B\x82\xd73\xd4\xbc\xd9\xf4\x90U\xf0I\xeb<\x00\x00\x00\x00\x00\x00\x00\x00\x9a \xc7\xfc\x9dd\xe6<\xed!=\xb5\xa0e\xa2<\x9a \xc7\xfc\x9dd\xe6<\xed!=\xb5\xa0e\xa2\xbc\xd9\x97\xe7\x8a \xfc\xe5<\x00\x00\x00\x00\x00\x00\x00\x00\x00\xf7\x8a\xf1\xfdX\xe4<\xb3\xac\xf6\xc92\x85\xb3<\x00\xf7\x8a\xf1\xfdX\xe4<\xb3\xac\xf6\xc92\x85\xb3\xbc\x11goHAl\xe3<8\x1f\xbc\xe6\xebW\xb6<\x11goHAl\xe3<8\x1f\xbc\xe6\xebW\xb6\xbc\xd0\xb6\xe6U\xa4\x01\xe3\xbc\xfc%\xe4\xf2F\xf0\xa3<\xd0\xb6\xe6U\xa4\x01\xe3\xbc\xfc%\xe4\xf2F\xf0\xa3\xbclH6\x80\x9e\x98\xcc\xbc\xa1y\xe6\xdf\xad\x81\xdd<lH6\x80\x9e\x98\xcc\xbc\xa1y\xe6\xdf\xad\x81\xdd\xbc\xef7\x86\x8a\xc4\xfa\x9a\xbc\x87\xee|\x7f\xf8\xf0\xde<\xef7\x86\x8a\xc4\xfa\x9a\xbc\x87\xee|\x7f\xf8\xf0\xde\xbcZX\xddW;:\xc1\xbc\xf3\xfc\x87\xe2M>\xdc<ZX\xddW;:\xc1\xbc\xf3\xfc\x87\xe2M>\xdc\xbc\x97\xc5\xde\xa5\xb3x\xd1\xbcg\xaeT\xe62\x97\xd9<\x97\xc5\xde\xa5\xb3x\xd1\xbcg\xaeT\xe62\x97\xd9\xbcH\x8e\xf3s\x04\xac\xd9\xbc\x99\xca\xef\xf5\xed\xc5\xd3<H\x8e\xf3s\x04\xac\xd9\xbc\x99\xca\xef\xf5\xed\xc5\xd3\xbc\x80\x91\x08\x08`w\xe2\xbc\x00\x00\x00\x00\x00\x00\x00\x00&L\x11E""J\xe1\xbc2\xcf\x83\xaa\x85/\xb2<&L\x11E""J\xe1\xbc2\xcf\x83\xaa\x85/\xb2\xbc\x99\xc8\xccQ%+\xdc\xbc\x95\xf9oYN5\xc5<\x99\xc8\xccQ%+\xdc\xbc\x95\xf9oYN5\xc5\xbc\xd6(s?\x06o\xde\xbc\x15\x8a:ok]\xc2<\xd6(s?\x06o\xde\xbc\x15\x8a:ok]\xc2\xbcx\xfa\x1e\x17\xd1\x01\xdf\xbc4\x8902C6\x9d<x\xfa\x1e\x17\xd1\x01\xdf\xbc4\x8902C6\x9d\xbc\xccG\xabeV$\xb5\xbc\\i\xa0\x18\x1f\xff\xdd<\xccG\xabeV$\xb5\xbc\\i\xa0\x18\x1f\xff\xdd\xbc]\x7f\xf5x{\xbf\xe3<\x00\x00\x00\x00\x00\x00\x00\x006\xb8\x01\xa4\xff6\xd0<\x9d\xa1\x9c\x1f\x8b\x0c\xda<6\xb8\x01\xa4\xff6\xd0<\x9d\xa1\x9c\x1f\x8b\x0c\xda\xbc\'\x19\x9b\x97\xa3\xf8\xde\xbc\x00\x00\x00\x00\x00\x00\x00\x00\x1f\xf0\x86\xa7 \xa4\xd8\xbc\x14\x96A)\x1d\xa4\xcc<\x1f\xf0\x86\xa7 \xa4\xd8\xbc\x14\x96A)\x1d\xa4\xcc\xbc\xc0\x8e\x06\x15\xe0\xc3\xd5\xbc\x88\rS\xe8\xdes\xd2<\xc0\x8e\x06\x15\xe0\xc3\xd5\xbc\x88\rS\xe8\xdes\xd2\xbc,\x10IgA\xb6\xc1<\xe5(UK\xe6\xa3\xdc<,\x10IgA\xb6\xc1<\xe5(UK\xe6\xa3\xdc\xbc\xc4\xa5\xa1\x9d4@\xde<(\xc33\xec\x82k\xcc<\xc4\xa5\xa1\x9d4@\xde<(\xc33\xec\x82k\xcc\xbc\x8f\xe1~D\xfen\xd8<\x06_\x95M\xdb{\xd4<\x8f\xe1~D\xfen\xd8<\x06_\x95M\xdb{\xd4\xbc\xd6\x14m5_\xf0\xd3<\xe6\xac\xde\x9e\x8b\xda\xd5<\xd6\x14m5_\xf0\xd3<\xe6\xac\xde\x9e\x8b\xda\xd5\xbc\xf0\x85y\xe8q\xc3\xd8<,a\xd0w\x83I\xd2<\xf0\x85y\xe8q\xc3\xd8<,a\xd0w\x83I\xd2\xbcM:\x8f*\xe3\xb1\xd9<6\xa1\xc5\xa0\x1f:\xca<M:\x8f*\xe3\xb1\xd9<6\xa1\xc5\xa0\x1f:\xca\xbc\xac\x8d)\x95;\xe5\xd7<\xb5K\xa9\xcd\xb2\xf2\xce<\xac\x8d)\x95;\xe5\xd7<\xb5K\xa9\xcd\xb2\xf2\xce\xbcJ\xf5\x9bT\x04L\xd5<\xcf\x02\xd0D\xdc\xab\xd0<J\xf5\x9bT\x04L\xd5<\xcf\x02\xd0D\xdc\xab\xd0\xbc\x90\xdf\x80\x93\xfd\x92\x87<-\xb25[\x98I\xdb<\x90\xdf\x80\x93\xfd\x92\x87<-\xb25[\x98I\xdb\xbcJp2\x1a.X\xc5\xbc\'[\x05\xd83\xee\xd9<Jp2\x1a.X\xc5\xbc\'[\x05\xd83\xee\xd9\xbc\xd8\x91\xf06\x9a\xcd\xc6\xbc\xbc\xbeTi\x92O\xd5<\xd8\x91\xf06\x9a\xcd\xc6\xbc\xbc\xbeTi\x92O\xd5\xbc\x12\\\x9e\x12\x9a\x19\xce\xbc\xab\x84A8\x07\xd5\xd4<\x12\\\x9e\x12\x9a\x19\xce\xbc\xab\x84A8\x07\xd5\xd4\xbc\x7f>@\\\n\xeb\xd0\xbc\xbcy`k\x87(\xd1<\x7f>@\\\n\xeb\xd0\xbc\xbcy`k\x87(\xd1\xbc&\xe0\xa0E\xef\x99\xd3\xbc\x8b-\x89\xc5\x92\t\xca<&\xe0\xa0E\xef\x99\xd3\xbc\x8b-\x89\xc5\x92\t\xca\xbc\xeb\x94jU\x81\x8e\xd9\xbc\x8d8\x1f*\xba\xe1\xc1<\xeb\x94jU\x81\x8e\xd9\xbc\x8d8\x1f*\xba\xe1\xc1\xbc\xbb\xbf\xae\x89q\xb3\xdc\xbc\x00\x00\x00\x00\x00\x00\x00\x00D\xa0\x0b\x92\xcc\xc7\xd9\xbc\x8e\n\x91zw\x11\xb6<D\xa0\x0b\x92\xcc\xc7\xd9\xbc\x8e\n\x91zw\x11\xb6\xbc\xa5\x9f\xd7\xcd\xf4-\xd6\xbc\x8b\xb1k\xb5\xe6Y{<\xa5\x9f\xd7\xcd\xf4-\xd6\xbc\x8b\xb1k\xb5\xe6Y{\xbc\xb4\xa1\xa7\x1b\xd0\xf6\xd9\xbc\xc4<\x8e.\xaf\x15\xa3<\xb4\xa1\xa7\x1b\xd0\xf6\xd9\xbc\xc4<\x8e.\xaf\x15\xa3\xbc~\xd3i\x16|B\xd4\xbcG+\x12&\xcf\x1a\xd0<~\xd3i\x16|B\xd4\xbcG+\x12&\xcf\x1a\xd0\xbc\xed\xad8e\xbf-\xe1<\x00\x00\x00\x00\x00\x00\x00\x00Z\x83\x00r\xcc\x16\xe0<yL\x11\xd44e\xb2<Z\x83\x00r\xcc\x16\xe0<yL\x11\xd44e\xb2\xbc|\xf4<\xc2\x85\xfc\xdf<\xed\x8c\x82\x87 \xa4\xa0<|\xf4<\xc2\x85\xfc\xdf<\xed\x8c\x82\x87 \xa4\xa0\xbc\xbfk\xd1F\xdc\xe0\xdb<\xab\x1b\xb3*?l\xc1<\xbfk\xd1F\xdc\xe0\xdb<\xab\x1b\xb3*?l\xc1\xbc0\x86V\xee~\x94\xdc<\xb9pA\xbbE\xf7\xb6<0\x86V\xee~\x94\xdc<\xb9pA\xbbE\xf7\xb6\xbc4\xf9\xad[Hl\xdd<\xc0\xe5\xe4N\xd0\xa0\xa5<4\xf9\xad[Hl\xdd<\xc0\xe5\xe4N\xd0\xa0\xa5\xbc\xdc5\xfb|M\xdc\xd8<_)Lq\xeb-\xc7<\xdc5\xfb|M\xdc\xd8<_)Lq\xeb-\xc7\xbc5X\xab\xdbG&\xc0\xbcO=V7\\\xcc\xd5<5X\xab\xdbG&\xc0\xbcO=V7\\\xcc\xd5\xbc\xf29\xab\xd0\x97\xf2\xca<\xf6\x0b\x12\\\x9d\x04\xd6<\xf29\xab\xd0\x97\xf2\xca<\xf6\x0b\x12\\\x9d\x04\xd6\xbc\x92n\x1e\xb30\xc0\xab\xbc\xceU\x84-\x8a\xc3\xd7<\x92n\x1e\xb30\xc0\xab\xbc\xceU\x84-\x8a\xc3\xd7\xbc\xbc\xdf<%\x88\xf1\x9b<\xf0\x8a\xb2\xfb\xf9l\xd8<\xbc\xdf<%\x88\xf1\x9b<\xf0\x8a\xb2\xfb\xf9l\xd8\xbc\xad?\x95\xb3\xe3\'\xb8<\x06ZhSf\r\xd8<\xad?\x95\xb3\xe3\'\xb8<\x06ZhSf\r\xd8\xbc\x04\xa0\x0f\xf8\xac\x93\x92\xbc\xa5\xa8\xf5\xe0zE\xd7<\x04\xa0\x0f\xf8\xac\x93\x92\xbc\xa5\xa8\xf5\xe0zE\xd7\xbc\xc4#i(]S\xd0<\xd9\xb2`?\xfa-\xd0<\xc4#i(]S\xd0<\xd9\xb2`?\xfa-\xd0\xbc\x1c\xf0\xb5\xdbN\xe4\xcc<\xac\x11ajx\x1e\xd2<\x1c\xf0\xb5\xdbN\xe4\xcc<\xac\x11ajx\x1e\xd2\xbc\x0e\xc6\xc6v\tN\xbb<\x84\xbf\\\x9d\xc8q\xd5<\x0e\xc6\xc6v\tN\xbb<\x84\xbf\\\x9d\xc8q\xd5\xbcL\xf8\x157\xbfx\xb3<\x067 \xec\xc0\xa0\xd5<L\xf8\x157\xbfx\xb3<\x067 \xec\xc0\xa0\xd5\xbc\xd2\xc03\xacs\x8c\xcd\xbc\x80\xb6\x99Y9\x19\xc8<\xd2\xc03\xacs\x8c\xcd\xbc\x80\xb6\x99Y9\x19\xc8\xbc\xbe\x1f\xd9d\x88u\xc6<\x1d%\xa8\x89\xaa\t\xd3<\xbe\x1f\xd9d\x88u\xc6<\x1d%\xa8\x89\xaa\t\xd3\xbc[\x8f\xeb\xbd\x04\xa4\xc0<\xd4\x11U\xc7\xc3\xfb\xd2<[\x8f\xeb\xbd\x04\xa4\xc0<\xd4\x11U\xc7\xc3\xfb\xd2\xbc0;\xf9\xe4\xdc\xa5\xd2\xbc0\xe6T\xb5\xf1S\xbb<0;\xf9\xe4\xdc\xa5\xd2\xbc0\xe6T\xb5\xf1S\xbb\xbc|\xca\xf5\xdf\xc0\x08\xce\xbc\x00\x81\xca\xc1\x18\xf3\xc1<|\xca\xf5\xdf\xc0\x08\xce\xbc\x00\x81\xca\xc1\x18\xf3\xc1\xbcd\x00\xe6\x0b60\xc8\xbc\xb0\xda\xb3\xa8\x14W\xc7<d\x00\xe6\x0b60\xc8\xbc\xb0\xda\xb3\xa8\x14W\xc7\xbc\x18K""\xd2\x1dI\xb3\xbc\xb1\xe8fH\x98q\xcf<\x18K""\xd2\x1dI\xb3\xbc\xb1\xe8fH\x98q\xcf\xbc\xafQ\xe9\x7fM\x92\xa2\xbc\x98\x12%U\xc6\x02\xd2<\xafQ\xe9\x7fM\x92\xa2\xbc\x98\x12%U\xc6\x02\xd2\xbc\x19h\xbb\xfe\x1ai\xce<\x8f\xfb\xa32\xd1)\xca<\x19h\xbb\xfe\x1ai\xce<\x8f\xfb\xa32\xd1)\xca\xbc\xf0\xe7\x9dE\xaa\xe5\xd6<\xe7M\xae\x9b\x8ab\xa3<\xf0\xe7\x9dE\xaa\xe5\xd6<\xe7M\xae\x9b\x8ab\xa3\xbc=\xbax\xdf\x8d\xf3\xd4<\xda\\\x99\x05\x01J\xa9<=\xbax\xdf\x8d\xf3\xd4<\xda\\\x99\x05\x01J\xa9\xbc\xa2fw\\\x11w\xd3<\xfa\x9e\x00\xd7\xf9\xa2\xbe<\xa2fw\\\x11w\xd3<\xfa\x9e\x00\xd7\xf9\xa2\xbe\xbc\x07\x80\xd3\xf5q\x7f\xd1<\x9d\xd2>\x10\xf4h\xbe<\x07\x80\xd3\xf5q\x7f\xd1<\x9d\xd2>\x10\xf4h\xbe\xbc.\x19W\x8eXV\xca<\xd5\x18\x8c\xf4\x1bH\xc9<.\x19W\x8eXV\xca<\xd5\x18\x8c\xf4\x1bH\xc9\xbc\\\xf9)\xb7\xbad\xc4<\xcb\xa3-_\xd3\xb7\xcb<\\\xf9)\xb7\xbad\xc4<\xcb\xa3-_\xd3\xb7\xcb\xbc\x1eZ\x9bvS=\xd2\xbc\x00\x00\x00\x00\x00\x00\x00\x00\x01\xaa\xc2\xb2;\xac\xce\xbc\x07\xee5\xa5\x16\x18\xb5<\x01\xaa\xc2\xb2;\xac\xce\xbc\x07\xee5\xa5\x16\x18\xb5\xbc\x96O\xa3T\x85x\xaa<\xfa\x9c\x99y\xb6\xb0\xd0<\x96O\xa3T\x85x\xaa<\xfa\x9c\x99y\xb6\xb0\xd0\xbcv\xc0l8\x11\xed\xd0\xbc\x00\x00\x00\x00\x00\x00\x00\x00_bo\xd3\xaa\x88\xcf\xbc\x90\xf1W\xf3\xf4g\x96<_bo\xd3\xaa\x88\xcf\xbc\x90\xf1W\xf3\xf4g\x96\xbc\xda\x01\xac\xa6\xd3:\xba\xbc\xd3\x0b\xe0u\xad\x89\xcb<\xda\x01\xac\xa6\xd3:\xba\xbc\xd3\x0b\xe0u\xad\x89\xcb\xbc\x14\xde^\x8c\x8b\x84\xd2<f\x86\x1c\xf0Si\x98<\x14\xde^\x8c\x8b\x84\xd2<f\x86\x1c\xf0Si\x98\xbc\xb4M\xb5\xfaz\x85\xa2\xbcl\x90)\x9a i\xcc<\xb4M\xb5\xfaz\x85\xa2\xbcl\x90)\x9a i\xcc\xbc\xbc\x01\x83\xe2r{\xd1<\x00\x00\x00\x00\x00\x00\x00\x00\xfa&q=^\xa4\xc2\xbc\xd0\x87\\\xc3\xcc\xfa\xc2<\xfa&q=^\xa4\xc2\xbc\xd0\x87\\\xc3\xcc\xfa\xc2\xbc\x02JI\x8e\x95\x07\xc5\xbc\xb6_\xb6,i#\xb5<\x02JI\x8e\x95\x07\xc5\xbc\xb6_\xb6,i#\xb5\xbc\xf8\x94\xcaV\xc4\xdd\xb2\xbc{_\x8a\x0c\xb1n\xc6<\xf8\x94\xcaV\xc4\xdd\xb2\xbc{_\x8a\x0c\xb1n\xc6\xbc\x8b\x18p?\x90\x1f\xc0<\x06\x1c\xc7g!3\xc7<\x8b\x18p?\x90\x1f\xc0<\x06\x1c\xc7g!3\xc7\xbc\x8e1\xaa\xdbV`\xc4<\x9e\x9dj\x08\xcc\x7f\xc3<\x8e1\xaa\xdbV`\xc4<\x9e\x9dj\x08\xcc\x7f\xc3\xbcr)\xb8\xaf8\xd5\xc4\xbc\x00\x00\x00\x00\x00\x00\x00\x003R\xecb\xac\xd8\xcb<DT\xef`9\xca\x9b<3R\xecb\xac\xd8\xcb<DT\xef`9\xca\x9b\xbcr\xf9\'n<O\xc4<|\r\x9b\xbc\xe5(\xbd<r\xf9\'n<O\xc4<|\r\x9b\xbc\xe5(\xbd\xbc%\x93]{h\x01\xb4<\x9b\xd4\xb5\x9f\xdd\x13\xc4<%\x93]{h\x01\xb4<\x9b\xd4\xb5\x9f\xdd\x13\xc4\xbc\x06\xdc\xcd\xb3\xee6\xb3<\x98c\x84 o""\xbe<\x06\xdc\xcd\xb3\xee6\xb3<\x98c\x84 o""\xbe\xbcf/R\xd9\xd8\xa1\xa7\xbc\x86\xce6\xb4m\xf1\xb6<f/R\xd9\xd8\xa1\xa7\xbc\x86\xce6\xb4m\xf1\xb6\xbc\xf8`\xda\xd7-\xea\xb9<W\x01qt\xa8q\xb1<\xf8`\xda\xd7-\xea\xb9<W\x01qt\xa8q\xb1\xbc\x80\xbf\x96E\\\x06M<a\xcf\xa1\xf0\xd6\xde\xb7<\x80\xbf\x96E\\\x06M<a\xcf\xa1\xf0\xd6\xde\xb7\xbc\xc8gxi\xb7n\xb9<\xf6\xd5\x17\xef\x94\x16\x99<\xc8gxi\xb7n\xb9<\xf6\xd5\x17\xef\x94\x16\x99\xbc\xd6|\xc6\xc9\x03\xb8\xb6\xbc\x00\x00\x00\x00\x00\x00\x00\x00jJM\xa6\x97\xd8\xa6<\xddlv\xe8\xccB\xae<jJM\xa6\x97\xd8\xa6<\xddlv\xe8\xccB\xae\xbc\x94\x7f\x8cRe\xaa\xa2\xbc\xad\xee\xde\x0c\xd8\xae\xa6<\x94\x7f\x8cRe\xaa\xa2\xbc\xad\xee\xde\x0c\xd8\xae\xa6\xbc\x94lOS\xa4*\xa7\xbc\x00\x00\x00\x00\x00\x00\x00\x00GE\xf1\xdbJ;\xaa<\x00\x00\x00\x00\x00\x00\x00\x00f\xdb\xab\x9e\xdb\xa2\x01\xbc\xcc\xc7\xea\xdb6\xe5\x10<f\xdb\xab\x9e\xdb\xa2\x01\xbc\xcc\xc7\xea\xdb6\xe5\x10\xbc\xe9K\x0e:+\x82m\xbb\x00\x00\x00\x00\x00\x00\x00\x00Dy$xuhF\xbb\x00\x00\x00\x00\x00\x00\x00\x00#uo@\xce\x1aR;w\xddrs\x80\xec!;#uo@\xce\x1aR;w\xddrs\x80\xec!\xbbaz\xee\x99\xbb>C;\x00\x00\x00\x00\x00\x00\x00\x00\xa5\x1b\xd2.\xb1?\xee:\x00\x00\x00\x00\x00\x00\x00\x00\x12\x8f\xce@\x8e\xef\xe1\xba\x00\x00\x00\x00\x00\x00\x00\x00\x00\xf6\xa6@\x16\xc8\xe2\xba\xb2\xc1,\x0f\xcb\xf9\xe1:\x00\xf6\xa6@\x16\xc8\xe2\xba\xb2\xc1,\x0f\xcb\xf9\xe1\xba\x89\xe0\x99\xe2\xc4\x0cU\xba\x00\x00\x00\x00\x00\x00\x00\x00\xbb\xeb\x9d\x11+\xc2<\xba\x00\x00\x00\x00\x00\x00\x00\x00\xb2\xf5s\xf8\xc2\xfd\x12:\x00\x00\x00\x00\x00\x00\x00\x00\xd0\xe9%\x7f\x0f\x7f\x819\x00\x00\x00\x00\x00\x00\x00\x00\x00\x00\x00\x00\x00\x00\xf8\x7f\x00\x00\x00\x00\x00\x00\x00\x00?\xa6\xee8\x9b0h@\x00\x00\x00\x00\x00\x00\x00\x00\x03O\x8e\x83\x1cdN@\x00\x00\x00\x00\x00\x00\x00\x00\x1b\x07\xd3\xb2\x07iA@\x00\x00\x00\x00\x00\x00\x00\x00\xdbI\xda\xa9Q*<@\x00\x00\x00\x00\x00\x00\x00\x00\x9c(K\xc6\xb5\xc63@\x00\x00\x00\x00\x00\x00\x00\x00\xd35zgV\xcc\x1f@\x00\x00\x00\x00\x00\x00\x00\x00\x9e\xe0:\xf7\xe9\xec\x1c@\x00\x00\x00\x00\x00\x00\x00\x00Y!\xdc\x8e\x01\x07\x15@\x00\x00\x00\x00\x00\x00\x00\x00\x99\x88\xd5{\xeeK\x0e@\x00\x00\x00\x00\x00\x00\x00\x00\x114.\x83\xbfj\x06@\x00\x00\x00\x00\x00\x00\x00\x00\xa4`/c\x80\xdb\xfe?\x00\x00\x00\x00\x00\x00\x00\x00\x07\xe5\x03\xb6P\xd0\xfb?\x00\x00\x00\x00\x00\x00\x00\x00.\xbc\x91\xa1o/\xf4?\x00\x00\x00\x00\x00\x00\x00\x00\xf2O\x1f\x0c\xae\x7f\xef?\x00\x00\x00\x00\x00\x00\x00\x00\x91t2q\xc7\xad\xee?\x00\x00\x00\x00\x00\x00\x00\x00\x135@\xb4X\xe4\xe9?\x00\x00\x00\x00\x00\x00\x00\x00y\xec#\xea \xce\xe4?\x00\x00\x00\x00\x00\x00\x00\x00\xa8\xf4\xd6\x7f\x17\xf4\xdf?\x00\x00\x00\x00\x00\x00\x00\x00<\xdc\xc3P\xd2""\xdb?\x00\x00\x00\x00\x00\x00\x00\x00_\xac\x9f\x9f\x0b\x15\xda?\x00\x00\x00\x00\x00\x00\x00\x00\x07\x1f\x83\xe6\x11\x8c\xd6?\x00\x00\x00\x00\x00\x00\x00\x00\xee\x83\x95m\xb8\x8f\xd0?\x00\x00\x00\x00\x00\x00\x00\x00h}e\xeeU\x8d\xcf?\x00\x00\x00\x00\x00\x00\x00\x00\xd5\xfb\x94\xc3\xf5\xc5\xca?\x00\x00\x00\x00\x00\x00\x00\x00\xe5\xc8]\x7f!\x1c\xc4?\x00\x00\x00\x00\x00\x00\x00\x00\x81\xd4T\xb0\xda\x1f\xc1?\x00\x00\x00\x00\x00\x00\x00\x006\xdd\xe0\x05\x91B\xbc?\x00\x00\x00\x00\x00\x00\x00\x00U*6`\x81\xa2\xb9?\x00\x00\x00\x00\x00\x00\x00\x00\xaa\xcc\x1bt\xdb5\xb8?\x00\x00\x00\x00\x00\x00\x00\x00\x04\x02\x18\x8e\xf1\xb2\xb4?\x00\x00\x00\x00\x00\x00\x00\x00\xea\x81\xd8\xd6\xccX\xb2?\x00\x00\x00\x00\x00\x00\x00\x00\x87D~\xb8\x85\xee\xac?\x00\x00\x00\x00\x00\x00\x00\x00\xce7\xec\x82)\xcb\xaa?\x00\x00\x00\x00\x00\x00\x00\x00N\xfdb,\x9d:\xa7?\x00\x00\x00\x00\x00\x00\x00\x00\xef\xa0\xde\x14\x8c,\xa2?\x00\x00\x00\x00\x00\x00\x00\x00y\x95bw\x17F\x9d?\x00\x00\x00\x00\x00\x00\x00\x00\xd2\xa0-CH\x12\x99?\x00\x00\x00\x00\x00\x00\x00\x00\xcf.\xaa_\xffA\x97?\x00\x00\x00\x00\x00\x00\x00\x00 \xad\x90\xfb\xfct\x95?\x00\x00\x00\x00\x00\x00\x00\x00\x8a\x8a\xd6Vak\x94?\x00\x00\x00\x00\x00\x00\x00\x00\x83k\xad\'\xad$\x8b?\x00\x00\x00\x00\x00\x00\x00\x00@\r\xae\'<f\x88?\x00\x00\x00\x00\x00\x00\x00\x00\xfa\xac\xf5\x8f\xa8\xa8\x86?\x00\x00\x00\x00\x00\x00\x00\x00O7\x869_\x1f\x83?\x00\x00\x00\x00\x00\x00\x00\x00\t\xbc\x91>\xe5>\x80?\x00\x00\x00\x00\x00\x00\x00\x00\'\x97\xf5!,\xf9~?\x00\x00\x00\x00\x00\x00\x00\x00\xb2 \xa0dp\x8a~?\x00\x00\x00\x00\x00\x00\x00\x00\x00<\xbd\x89\x0f\xffz?\x00\x00\x00\x00\x00\x00\x00\x00+\x8f\x9a\x10+\xffw?\x00\x00\x00\x00\x00\x00\x00\x00\x7f\xa9\t\xbe\x97\xdau?\x00\x00\x00\x00\x00\x00\x00\x00\x0c|\xa3\xe5\x13ps?\x00\x00\x00\x00\x00\x00\x00\x00\x0e\x93p\xf5\xcaTn?\x00\x00\x00\x00\x00\x00\x00\x00\x854zLael?\x00\x00\x00\x00\x00\x00\x00\x00\x7f\xd6\xdb@\xc6\xcah?\x00\x00\x00\x00\x00\x00\x00\x00\xaf\x81\xbca\x15.g?\x00\x00\x00\x00\x00\x00\x00\x00\x95\xb7*\x8e\x9e\nf?\x00\x00\x00\x00\x00\x00\x00\x00j\xe2Sb\xc5\x06c?\x00\x00\x00\x00\x00\x00\x00\x00\x16\xaaY\xc2\xfeAa?\x00\x00\x00\x00\x00\x00\x00\x00\xf1-%{ \xef]?\x00\x00\x00\x00\x00\x00\x00\x00\xc4\x9f\xe8g\xf1\x07X?\x00\x00\x00\x00\x00\x00\x00\x00\xe4\xe38;""\xcfT?\x00\x00\x00\x00\x00\x00\x00\x00\xf2\xcf\x8b\xd10\xdeQ?\x00\x00\x00\x00\x00\x00\x00\x00\xc8\xd3\xc0!3\xbeO?\x00\x00\x00\x00\x00\x00\x00\x00\r@\xf5[\x87\x88M?\x00\x00\x00\x00\x00\x00\x00\x00\xb3\x8e\xc5\xe6\xfe!J?\x00\x00\x00\x00\x00\x00\x00\x00\xed\xb5\n\x81=\x8cG?\x00\x00\x00\x00\x00\x00\x00\x00dh\x8fP\xbd\xa4F?\x00\x00\x00\x00\x00\x00\x00\x00\x03\xa0\x10\x1f7\x15E?\x00\x00\x00\x00\x00\x00\x00\x00}oE\x8bQ\xd2C?\x00\x00\x00\x00\x00\x00\x00\x00\xa8\xb4\x89\xfc9<A?\x00\x00\x00\x00\x00\x00\x00\x00\xa3\t\xba\x14\xef\x17@?\x00\x00\x00\x00\x00\x00\x00\x00\x1c\xff2\xcc\xc2\xdd<?\x00\x00\x00\x00\x00\x00\x00\x00\x0c\xc8W\x97\x07A9?\x00\x00\x00\x00\x00\x00\x00\x00~\xe887\xe2P4?\x00\x00\x00\x00\x00\x00\x00\x00\x93,\x15\xbe\xda\x900?\x00\x00\x00\x00\x00\x00\x00\x00\x01\\\xa8\x9d^u0?\x00\x00\x00\x00\x00\x00\x00\x003R\xc1\xaf\x9a\xdd\'?\x00\x00\x00\x00\x00\x00\x00\x00\xecr\x11\xb2y\xa0\'?\x00\x00\x00\x00\x00\x00\x00\x00\x0b\xce\t7T\xd8""?\x00\x00\x00\x00\x00\x00\x00\x00\xa6|\xf1\x9c\xd8\xc5!?\x00\x00\x00\x00\x00\x00\x00\x00\xd2[\xa0\xab\x02\x90\x1e?\x00\x00\x00\x00\x00\x00\x00\x00AU\xa83=\x18\x1b?\x00\x00\x00\x00\x00\x00\x00\x00\x00|\xfb9\x122\x18?\x00\x00\x00\x00\x00\x00\x00\x00:I\xfa\x04\xb8\xf3\x15?\x00\x00\x00\x00\x00\x00\x00\x00\xc0\x02\xdcp@\xc5\x13?\x00\x00\x00\x00\x00\x00\x00\x00*\xec\xe1\xb41f\x11?\x00\x00\x00\x00\x00\x00\x00\x00\xf0\xde\xfb\xe4\xa5K\x0f?\x00\x00\x00\x00\x00\x00\x00\x00d\x7f\x1eL+b\x0b?\x00\x00\x00\x00\x00\x00\x00\x00\x0c\xe3\xbdSq\xcc\x07?\x00\x00\x00\x00\x00\x00\x00\x00O=3(:\xb9\x06?\x00\x00\x00\x00\x00\x00\x00\x00\xe1\x05\'6bJ\x05?\x00\x00\x00\x00\x00\x00\x00\x00J\x9cBN\xd2n\x01?\x00\x00\x00\x00\x00\x00\x00\x00\xa6g\\AM\xda\x00?\x00\x00\x00\x00\x00\x00\x00\x00\xa4\xdc\xe3\xa6/\xce\xfc>\x00\x00\x00\x00\x00\x00\x00\x00F\x84OQ\x12u\xfc>\x00\x00\x00\x00\x00\x00\x00\x00\xdeRVnz\xda\xf8>\x00\x00\x00\x00\x00\x00\x00\x00\xa4t\xa4\x02\xf8S\xf7>\x00\x00\x00\x00\x00\x00\x00\x00\xb5\xf6F\x937\x8d\xf5>\x00\x00\x00\x00\x00\x00\x00\x00\'P\x0b(c1\xf3>\x00\x00\x00\x00\x00\x00\x00\x00\xe8\xad<\xa6\x92\xad\xf1>\x00\x00\x00\x00\x00\x00\x00\x00\xc7\x18\xff>\xfe\xa7\xee>\x00\x00\x00\x00\x00\x00\x00\x00\xfa\xb2\x89Ms\x9f\xe9>\x00\x00\x00\x00\x00\x00\x00\x00^9\xef\xca\x80%\xe8>\x00\x00\x00\x00\x00\x00\x00\x00\xab\xe1\x9f-\xd5(\xe6>\x00\x00\x00\x00\x00\x00\x00\x00\xf2\x1e\xa0\xe5\x0f\x8d\xe3>\x00\x00\x00\x00\x00\x00\x00\x00O\x8c\xcbvLm\xdf>\x00\x00\x00\x00\x00\x00\x00\x00O\x93k2cG\xdc>\x00\x00\x00\x00\x00\x00\x00\x00\xe7.\x8a\xaefH\xd7>\x00\x00\x00\x00\x00\x00\x00\x008\xb8\xf5G\xc0\xad\xd5>\x00\x00\x00\x00\x00\x00\x00\x00Q\xc2\x92\x17\x19M\xd4>\x00\x00\x00\x00\x00\x00\x00\x00\xc7\xf3\x8dLMi\xd2>\x00\x00\x00\x00\x00\x00\x00\x00\x07ir\x94)j\xd1>\x00\x00\x00\x00\x00\x00\x00\x00\x81\x11\x9b\x911q\xcf>\x00\x00\x00\x00\x00\x00\x00\x00\x19z\x10R\x19T\xcd>\x00\x00\x00\x00\x00\x00\x00\x00T[\xd4""8\xba\xca>\x00\x00\x00\x00\x00\x00\x00\x00B\xcf\xd4)\x1c\xc3\xc6>\x00\x00\x00\x00\x00\x00\x00\x00\xa3(V\xcb\xaeM\xc6>\x00\x00\x00\x00\x00\x00\x00\x00}[\x1e\xdd\xb9>\xc3>\x00\x00\x00\x00\x00\x00\x00\x003l\xde\xcb\x9cO\xc0>\x00\x00\x00\x00\x00\x00\x00\x006\x1c\\D\x0ei\xbd>\x00\x00\x00\x00\x00\x00\x00\x00\xb9=3\xf6\x91\x7f\xb9>\x00\x00\x00\x00\x00\x00\x00\x00OQ\xe5""\xde\x8b\xb6>\x00\x00\x00\x00\x00\x00\x00\x00\xad\x15\xbe%\xeb\x97\xb3>\x00\x00\x00\x00\x00\x00\x00\x00\xc8\x84\x8d\x1bS\xdc\xb1>\x00\x00\x00\x00\x00\x00\x00\x00\xe4)\xc5v\xf9}\xb1>\x00\x00\x00\x00\x00\x00\x00\x00T\x06\xe5`\xd6k\xaf>\x00\x00\x00\x00\x00\x00\x00\x00i\xbb\xe9\x98\x0b\xe3\xa8>\x00\x00\x00\x00\x00\x00\x00\x00\xd0f\xfcS\xd2\xb9\xa6>\x00\x00\x00\x00\x00\x00\x00\x00\xd15%2\x9d\x1d\xa3>\x00\x00\x00\x00\x00\x00\x00\x00XV\xa5\xce\xfe\xf1\x9e>\x00\x00\x00\x00\x00\x00\x00\x00\xf1\x94\xe4p\tS\x9e>\x00\x00\x00\x00\x00\x00\x00\x00-F4\x9bE%\x9c>\x00\x00\x00\x00\x00\x00\x00\x00\xa5c\xf3r/\x04\x99>\x00\x00\x00\x00\x00\x00\x00\x005o\xbd\x01\xf5\xb1\x97>\x00\x00\x00\x00\x00\x00\x00\x00qU#\x0e9\xf8\x95>\x00\x00\x00\x00\x00\x00\x00\x00\xb5\xb7c\xd4s\xe8\x92>\x00\x00\x00\x00\x00\x00\x00\x00q\xa8\x81Rg\t\x92>\x00\x00\x00\x00\x00\x00\x00\x00V\t*\xad@\xd5\x8f>\x00\x00\x00\x00\x00\x00\x00\x00d\x94\x14\xd6\xba\xac\x8b>\x00\x00\x00\x00\x00\x00\x00\x00,\x82\x07\xa8\xae\x01\x8b>\x00\x00\x00\x00\x00\x00\x00\x00&\x13\x8b\xd7;\x0c\x8a>\x00\x00\x00\x00\x00\x00\x00\x00\x16\xa2\xba\xad-\xcb\x87>\x00\x00\x00\x00\x00\x00\x00\x00\x1d\x11\x9d\x9e\t\x97\x86>\x00\x00\x00\x00\x00\x00\x00\x00\xfc\x07\xc6T\x90\xd3\x84>\x00\x00\x00\x00\x00\x00\x00\x00\xaf[\x10\xf8\x06\x07\x82>\x00\x00\x00\x00\x00\x00\x00\x00\x99\x9bCA\xaa\x94\x80>\x00\x00\x00\x00\x00\x00\x00\x00\xa3\x84\x92\xec{\x9f}>\x00\x00\x00\x00\x00\x00\x00\x005\xaa\xc0cDg{>\x00\x00\x00\x00\x00\x00\x00\x00\x13\'\xb8\xad\x95=v>\x00\x00\x00\x00\x00\x00\x00\x006\x18\xa4\x00\x8chs>\x00\x00\x00\x00\x00\x00\x00\x00\x80)\x9b\x1cj\xeeq>\x00\x00\x00\x00\x00\x00\x00\x00\xef\xa7\x85\xdbR\x01p>\x00\x00\x00\x00\x00\x00\x00\x00\xc7\xf4\xd7\xed\' m>\x00\x00\x00\x00\x00\x00\x00\x00^\x1cy\xa8t\xebk>\x00\x00\x00\x00\x00\x00\x00\x00\xcc\xd5\xa4AMTi>\x00\x00\x00\x00\x00\x00\x00\x00\xaaXC\xb5\xb7xg>\x00\x00\x00\x00\x00\x00\x00\x00\x90\x08\x7fO1\xffe>\x00\x00\x00\x00\x00\x00\x00\x00\xbfaAgB\x9bc>\x00\x00\x00\x00\x00\x00\x00\x00\xb2MU\x80\xf3\xe2b>\x00\x00\x00\x00\x00\x00\x00\x00\xf5/^\x82n\xb6`>\x00\x00\x00\x00\x00\x00\x00\x00\x0b7\xcdWV\x89_>\x00\x00\x00\x00\x00\x00\x00\x00\x02\x97\x9a\x7f\x01\x11_>\x00\x00\x00\x00\x00\x00\x00\x00k\xd5\x9e\xa0C\xdc]>\x00\x00\x00\x00\x00\x00\x00\x00\x18\x849\x1b9\xa9[>\x00\x00\x00\x00\x00\x00\x00\x00s]\xcdb\xc4CY>\x00\x00\x00\x00\x00\x00\x00\x00\x8e\xdc6\xb9]\xbaT>\x00\x00\x00\x00\x00\x00\x00\x00\x81\x82\xa0Xw+S>\x00\x00\x00\x00\x00\x00\x00\x00U\x8cfy\xf8BP>\x00\x00\x00\x00\x00\x00\x00\x00\xf9\x03\x82\xcd==N>\x00\x00\x00\x00\x00\x00\x00\x00\x7f\xb6\xefs\xb7\x13I>\x00\x00\x00\x00\x00\x00\x00\x00\xbdr\xb2\xdd\x03\x9eG>\x00\x00\x00\x00\x00\x00\x00\x00e\rN\xfe\x98\xd5C>\x00\x00\x00\x00\x00\x00\x00\x00B\x02\x8e\xcb\xe6\xb6A>\x00\x00\x00\x00\x00\x00\x00\x00\x91X\x97rm\xf6=>\x00\x00\x00\x00\x00\x00\x00\x00\x1e\x1cL\x8f\xc0,<>\x00\x00\x00\x00\x00\x00\x00\x00@\r\x98\x97yE8>\x00\x00\x00\x00\x00\x00\x00\x00\xce\x8c\x1e<\x9fH6>\x00\x00\x00\x00\x00\x00\x00\x00)#&n@D4>\x00\x00\x00\x00\x00\x00\x00\x00\xd9\xdc\'\x8d\xacf2>\x00\x00\x00\x00\x00\x00\x00\x00\xae57\x9dK\xf01>\x00\x00\x00\x00\x00\x00\x00\x00\x80{\x9f\xfbs\xa5*>\x00\x00\x00\x00\x00\x00\x00\x00Nm\xc0(&\xa2)>\x00\x00\x00\x00\x00\x00\x00\x00\xb4\xc1A\xe4c\xb6&>\x00\x00\x00\x00\x00\x00\x00\x00\xf3\x9b\xc9k\x89\x08%>\x00\x00\x00\x00\x00\x00\x00\x00s\xf2I\xc6\xa5\xa2#>\x00\x00\x00\x00\x00\x00\x00\x00\x03)\xd9Vg\t!>\x00\x00\x00\x00\x00\x00\x00\x00$\xf83KI\xcb\x1e>\x00\x00\x00\x00\x00\x00\x00\x00\x0fd\x89S\xe0(\x1d>\x00\x00\x00\x00\x00\x00\x00\x00\'\xce\x19\xd0LR\x1c>\x00\x00\x00\x00\x00\x00\x00\x004\x01\xfd\x8c\x92\'\x19>\x00\x00\x00\x00\x00\x00\x00\x006\xf4v\x9bh\xb3\x16>\x00\x00\x00\x00\x00\x00\x00\x00\xb1\x9a}\x9aRN\x14>\x00\x00\x00\x00\x00\x00\x00\x00\xc8\xc0\xd9\xe9U\xa2\x12>\x00\x00\x00\x00\x00\x00\x00\x00]\xcb\x94\x14\xf2\x95\x0e>\x00\x00\x00\x00\x00\x00\x00\x00\xa1\xb5iLHf\n>\x00\x00\x00\x00\x00\x00\x00\x00_\x81/R\xa4\xb8\t>\x00\x00\x00\x00\x00\x00\x00\x00\xd7\xa5\xef,@\xe9\x07>\x00\x00\x00\x00\x00\x00\x00\x00\xa5VU[g\x10\x07>\x00\x00\x00\x00\x00\x00\x00\x00-df\xd8T\xca\x02>\x00\x00\x00\x00\x00\x00\x00\x00\xfe\xa6R\x94\x00+\x02>\x00\x00\x00\x00\x00\x00\x00\x00\x88\xbf\x9b\x9f%I\x00>\x00\x00\x00\x00\x00\x00\x00\x00\x9bK\xce4\x99\xf3\xfe=\x00\x00\x00\x00\x00\x00\x00\x00\x87\xc5\x12\xdeI8\xf8=\x00\x00\x00\x00\x00\x00\x00\x00V\xb3\xda6\x06\xa6\xf5=\x00\x00\x00\x00\x00\x00\x00\x00\xce\x005z\x91[\xf4=\x00\x00\x00\x00\x00\x00\x00\x00\xd9\x05\x9e$N|\xf3=\x00\x00\x00\x00\x00\x00\x00\x00%\xfa\xf8_\x7f\n\xf2=\x00\x00\x00\x00\x00\x00\x00\x00\x1b}\xea\xc1\xdf\xe4\xf0=\x00\x00\x00\x00\x00\x00\x00\x00K\x9a\x98N\xd3\xa2\xef=\x00\x00\x00\x00\x00\x00\x00\x00u8x\xbd\xd6\xba\xee=\x00\x00\x00\x00\x00\x00\x00\x00\x05\xb4\x82Op\\\xed=\x00\x00\x00\x00\x00\x00\x00\x00*\xf1 -\xc8)\xeb=\x00\x00\x00\x00\x00\x00\x00\x00{;\x98\x85\xa2\xe8\xe5=\x00\x00\x00\x00\x00\x00\x00\x00\xe1\xc4\xc7\x92(\xbb\xe4=\x00\x00\x00\x00\x00\x00\x00\x00\x86\xc2}\xef\xee<\xe3=\x00\x00\x00\x00\x00\x00\x00\x007-\x7f\'\xfc\x9f\xe0=\x00\x00\x00\x00\x00\x00\x00\x00\xdf&\xfd\xc3\xc5\x05\xe0=\x00\x00\x00\x00\x00\x00\x00\x00\'\x00\x9d\xc3.\x96\xdd=\x00\x00\x00\x00\x00\x00\x00\x00\xba\xb2\x00\xc3^^\xda=\x00\x00\x00\x00\x00\x00\x00\x00\xe9\x9ece\\\xbe\xd8=\x00\x00\x00\x00\x00\x00\x00\x00I\xa6SP\xdf\xc1\xd7=\x00\x00\x00\x00\x00\x00\x00\x00\xf99[\xfd\xbc\xa2\xd5=\x00\x00\x00\x00\x00\x00\x00\x00\xe9\x940\x08l\xf2\xd3=\x00\x00\x00\x00\x00\x00\x00\x00\x11\xdfT\xd3\xa2R\xd1=\x00\x00\x00\x00\x00\x00\x00\x00\x96\xb1%J\x0e5\xcf=\x00\x00\x00\x00\x00\x00\x00\x00\xd5`\xa6E\x1e\xf3\xca=\x00\x00\x00\x00\x00\x00\x00\x00\xdd\xeb8\xcf\xfe\xdf\xc8=\x00\x00\x00\x00\x00\x00\x00\x00\xa3\xa74\xf3j\xfc\xc5=\x00\x00\x00\x00\x00\x00\x00\x00S\xd3\xf7\\\x0eP\xc5=\x00\x00\x00\x00\x00\x00\x00\x00\x95\xbd\xc4d\x13\x9a\xc3=\x00\x00\x00\x00\x00\x00\x00\x00\xc8R\x06\xec\xa0\xd1\xc2=\x00\x00\x00\x00\x00\x00\x00\x00\x9c\xed\x00>\xc8G\xc1=\x00\x00\x00\x00\x00\x00\x00\x007G=\x7f\xfd1\xbf=\x00\x00\x00\x00\x00\x00\x00\x00W\x83z\xb3\xae\xbd\xbd=\x00\x00\x00\x00\x00\x00\x00\x00\xd2\xbc\xf8\x10~\xa5\xbc=\x00\x00\x00\x00\x00\x00\x00\x00\xc27""\xb8DI\xb8=\x00\x00\x00\x00\x00\x00\x00\x00\xe2Z\x02}E\xfb\xb4=\x00\x00\x00\x00\x00\x00\x00\x00%\x04\'.\xdb\x07\xb4=\x00\x00\x00\x00\x00\x00\x00\x00\x9eF\x9e\xf7-\xfc\xb2=\x00\x00\x00\x00\x00\x00\x00\x00\x0e_\xf0y.\xb3\xb1=\x00\x00\x00\x00\x00\x00\x00\x00\x82E\xbfY\xbe\xb4\xaf=\x00\x00\x00\x00\x00\x00\x00\x00\xfcAe_\xabA\xac=\x00\x00\x00\x00\x00\x00\x00\x00\xd2\xe2}\xc4\x8e\x0f\xab=\x00\x00\x00\x00\x00\x00\x00\x00,\xdc\xcc\x99p\xf5\xa7=\x00\x00\x00\x00\x00\x00\x00\x00\xdd\xef\x0b}\xc9\x84\xa6=\x00\x00\x00\x00\x00\x00\x00\x00r%Yu\xa1W\xa4=\x00\x00\x00\x00\x00\x00\x00\x00\x0b{\x13\x05\xc1\x1c\xa3=\x00\x00\x00\x00\x00\x00\x00\x00\x9f\x93g4\xd1w\xa1=\x00\x00\x00\x00\x00\x00\x00\x003\xa9IH\xc4\xf1\x9e=\x00\x00\x00\x00\x00\x00\x00\x00\xad\xf9\xd3\xe5;g\x9b=\x00\x00\x00\x00\x00\x00\x00\x00\xbc+\x17\x1c@c\x9a=\x00\x00\x00\x00\x00\x00\x00\x00\xd1f\xb3>@\x1f\x9a=\x00\x00\x00\x00\x00\x00\x00\x00\x92\t\xca\xcei\xd1\x95=\x00\x00\x00\x00\x00\x00\x00\x00R\xc6\x90.)m\x94=\x00\x00\x00\x00\x00\x00\x00\x00\xaa\x0b\xa4.q6\x93=\x00\x00\x00\x00\x00\x00\x00\x00\xf9Z\xf3\x8a\x81<\x91=\x00\x00\x00\x00\x00\x00\x00\x00\x02\xad\x11\xc4\xfaT\x90=\x00\x00\x00\x00\x00\x00\x00\x00\xc1I\xdc6\xda-\x8e=\x00\x00\x00\x00\x00\x00\x00\x00\x10\xfa^\x83\xff\x98\x88=\x00\x00\x00\x00\x00\x00\x00\x00\xeb\xccZU\x95\x05\x88=\x00\x00\x00\x00\x00\x00\x00\x00\x1aq2\xfdC\x0b\x87=\x00\x00\x00\x00\x00\x00\x00\x00\xa2 s\xb6\xad\xa3\x85=\x00\x00\x00\x00\x00\x00\x00\x00?\xd0\xe6\xa4\xd7#\x83=\x00\x00\x00\x00\x00\x00\x00\x00\x9aM\xe5\xd9f\xf0\x80=\x00\x00\x00\x00\x00\x00\x00\x00&\x12\xfa\xf2%W\x7f=\x00\x00\x00\x00\x00\x00\x00\x00\x81\x13?\x8f\xe6\xba}=\x00\x00\x00\x00\x00\x00\x00\x00-Nt\xff\xed\xe1z=\x00\x00\x00\x00\x00\x00\x00\x00r\x90\x8da\x95\x8bx=\x00\x00\x00\x00\x00\x00\x00\x00]\xc6@L1\xb7r=\x00\x00\x00\x00\x00\x00\x00\x00\x83-\x94\xbe\xb1\xa1q=\x00\x00\x00\x00\x00\x00\x00\x00\xdbS\xfe\xe4\xf8so=\x00\x00\x00\x00\x00\x00\x00\x000\xfb\x02<&Uk=\x00\x00\x00\x00\x00\x00\x00\x00\xd5}|\xc1O>i=\x00\x00\x00\x00\x00\x00\x00\x00[\xe5\xfb=\x85\xc7e=\x00\x00\x00\x00\x00\x00\x00\x00\xb6\x97\xc39\xec\x90e=\x00\x00\x00\x00\x00\x00\x00\x00\x1b\xff\xb8\xf2\xe3Kc=\x00\x00\x00\x00\x00\x00\x00\x00\xfd~5\xd8[C^=\x00\x00\x00\x00\x00\x00\x00\x00\xf7\'cT|-\\=\x00\x00\x00\x00\x00\x00\x00\x00\xb5<\x8f\xb3\xe2\xc8Y=\x00\x00\x00\x00\x00\x00\x00\x00 d\xb2DK\xffV=\x00\x00\x00\x00\x00\x00\x00\x00\xbc\xde\xc0\\\x02\x82T=\x00\x00\x00\x00\x00\x00\x00\x00\xb4\x14nce\xc7Q=\x00\x00\x00\x00\x00\x00\x00\x00\xa0\xe8\x82\x83e\xdcM=\x00\x00\x00\x00\x00\x00\x00\x00Iuo\xd5\xf3\xa3L=\x00\x00\x00\x00\x00\x00\x00\x00\xc7T\x02\xd8\x1b\x18J=\x00\x00\x00\x00\x00\x00\x00\x00""\x88)\xf8\x84\xd2G=\x00\x00\x00\x00\x00\x00\x00\x00\x10;\xbd\xfa\x83RG=\x00\x00\x00\x00\x00\x00\x00\x007\x12\xe9\x84\xf7!E=\x00\x00\x00\x00\x00\x00\x00\x00\xe5E\x1f\x8a\xc4\xf3@=\x00\x00\x00\x00\x00\x00\x00\x00=\xbc\xa4\x95\x1af==\x00\x00\x00\x00\x00\x00\x00\x001\xef\x01YM\x9f:=\x00\x00\x00\x00\x00\x00\x00\x00\x90\xf7F\xe8\x86\x958=\x00\x00\x00\x00\x00\x00\x00\x00\xfaxc\xa1\xd3;4=\x00\x00\x00\x00\x00\x00\x00\x00M\xba\xd1\x97!\xec3=\x00\x00\x00\x00\x00\x00\x00\x00\xa2\x8a\xfa\x11\xfa\x801=\x00\x00\x00\x00\x00\x00\x00\x00\x14dH\x10\xb7\x9a/=\x00\x00\x00\x00\x00\x00\x00\x00dH\xfbE\xc3\x86,=\x00\x00\x00\x00\x00\x00\x00\x00\x853\xce\x1b\x8c\x88*=\x00\x00\x00\x00\x00\x00\x00\x000s\xd7\xb0?\x1c\'=\x00\x00\x00\x00\x00\x00\x00\x00\xa4&Y]\x13H""=\x00\x00\x00\x00\x00\x00\x00\x00 \x03\xb9d\x9f\x9b =\x00\x00\x00\x00\x00\x00\x00\x00\xa9\xc8r\x9d\x1cj\x1e=\x00\x00\x00\x00\x00\x00\x00\x00\xc9d\x8e\x0f\x05\x15\x1a=\x00\x00\x00\x00\x00\x00\x00\x00\x8c\xf0$=\x98\xde\x15=\x00\x00\x00\x00\x00\x00\x00\x00X\x92C\xfb\xcd\xe2\x12=\x00\x00\x00\x00\x00\x00\x00\x00\x87~ \xa6Y6\x10=\x00\x00\x00\x00\x00\x00\x00\x003\xd3_\x95\xc4\x95\r=\x00\x00\x00\x00\x00\x00\x00\x00$M\xe3m\xad\xb2\t=\x00\x00\x00\x00\x00\x00\x00\x00o\xae\xc1C\x8d,\x05=\x00\x00\x00\x00\x00\x00\x00\x00\x07\x01\x07=)\xb4\x04=\x00\x00\x00\x00\x00\x00\x00\x00\xb7\xe1^\xec\x168\x03=\x00\x00\x00\x00\x00\x00\x00\x00\xf4\n\x80\xedC\xa8\x01=\x00\x00\x00\x00\x00\x00\x00\x00\r\x93Dn:0\x00=\x00\x00\x00\x00\x00\x00\x00\x00\x9cU\x9e[6y\xfc<\x00\x00\x00\x00\x00\x00\x00\x00n\xdba7\x86\xa3\xf9<\x00\x00\x00\x00\x00\x00\x00\x00C\x10\xe2\xb0G\xf6\xf8<\x00\x00\x00\x00\x00\x00\x00\x00c}\x80W.\'\xf4<\x00\x00\x00\x00\x00\x00\x00\x00\nq\x9b\xda\xcb\xd1\xf0<\x00\x00\x00\x00\x00\x00\x00\x00!CP\xa38.\xee<\x00\x00\x00\x00\x00\x00\x00\x00\xfa\xed3~\x1c:\xea<\xb1""6\xa7o\xe0\xa1<\xfa\xed3~\x1c:\xea<\xb1""6\xa7o\xe0\xa1\xbc\x8e\xf5V\x03B\xd2\xe5<\xcb\x88\x14DDN\xb7<\x8e\xf5V\x03B\xd2\xe5<\xcb\x88\x14DDN\xb7\xbc`I\x18Uf\x13\xd9\xbc\x00\x00\x00\x00\x00\x00\x00\x00t\x1b\xb6O\x1b\r\xe2<\x00\x00\x00\x00\x00\x00\x00\x00pVl\xbf2\x14\xd1\xbc\x07U\x0cQ\t\xf7\xbb<pVl\xbf2\x14\xd1\xbc\x07U\x0cQ\t\xf7\xbb\xbc\x12\xe3o\xae\t\xcd\xdd<\x16\xe4k-c}\xb5<\x12\xe3o\xae\t\xcd\xdd<\x16\xe4k-c}\xb5\xbc\xc9\xf7\xfd\xfa\xe0s\xd7<]eK\x8a\x95\x95\xca<\xc9\xf7\xfd\xfa\xe0s\xd7<]eK\x8a\x95\x95\xca\xbc\xc8\xb1A\x88\xb6\xb9\xc4\xbc\xc8X1\x81Z\x08\xc7<\xc8\xb1A\x88\xb6\xb9\xc4\xbc\xc8X1\x81Z\x08\xc7\xbc\n\x82D\x80\x91\xcd\xcc\xbc\x00\x00\x00\x00\x00\x00\x00\x00\x08Q[\x82\x9a\xa5\xd1<!{\\\xa3\xea""\xc9<\x08Q[\x82\x9a\xa5\xd1<!{\\\xa3\xea""\xc9\xbc\xf5\xff\x07L\xec\xe4\xd6<\xfawr)\xa0\x82\xaf<\xf5\xff\x07L\xec\xe4\xd6<\xfawr)\xa0\x82\xaf\xbc\xca\x02\x8d\x84S\xb6\xc6\xbc\r4G\xb7%\x86\xb9<\xca\x02\x8d\x84S\xb6\xc6\xbc\r4G\xb7%\x86\xb9\xbcz\x16iX\xf7\xf2\xbb\xbc\xde^\xad\xd0\x0e\x9c\xc6<z\x16iX\xf7\xf2\xbb\xbc\xde^\xad\xd0\x0e\x9c\xc6\xbc|\n\x7f\xdd\xe3\x88\xc7<\x05\xe04%\x99\xf7\xca<|\n\x7f\xdd\xe3\x88\xc7<\x05\xe04%\x99\xf7\xca\xbc\xa0\xe8\x85\xb5%\x95\xa0\xbc\xdd]\xa3\xbf\xf2]\xca<\xa0\xe8\x85\xb5%\x95\xa0\xbc\xdd]\xa3\xbf\xf2]\xca\xbc\x93d\x10\xee\x1d\xb4\xc5\xbc\x00\x00\x00\x00\x00\x00\x00\x00\xb8\x82\'\x88\xa64\xd0<\x8b\xc6e=bd\xc4<\xb8\x82\'\x88\xa64\xd0<\x8b\xc6e=bd\xc4\xbc8\xc7Wo\xc30u\xbc<""3\xcbj\'\xc9<8\xc7Wo\xc30u\xbc<""3\xcbj\'\xc9\xbcf\x92\xc7\xb8\xa9\'\xd4<\xb3\x98\x1c |\xbd\xa0<f\x92\xc7\xb8\xa9\'\xd4<\xb3\x98\x1c |\xbd\xa0\xbc\xb4\xe0\x95\x96M\xac\xb8<\'\xd8\xd0\xb6\x99\x18\xc7<\xb4\xe0\x95\x96M\xac\xb8<\'\xd8\xd0\xb6\x99\x18\xc7\xbc\xbc\xa3\x19B\xb6\x11\xbc\xbc\xeav(\xde\xfa\x9c\xb7<\xbc\xa3\x19B\xb6\x11\xbc\xbc\xeav(\xde\xfa\x9c\xb7\xbc\x10\xc5tuL\xf1\xc0\xbc\xd7\xaeK\xed\xe1\xdc\xae<\x10\xc5tuL\xf1\xc0\xbc\xd7\xaeK\xed\xe1\xdc\xae\xbc\xb0A\x10\xd9\xb3\xd6g\xbc\xba\xc8S\x01o\x95\xbf<\xb0A\x10\xd9\xb3\xd6g\xbc\xba\xc8S\x01o\x95\xbf\xbc;`\xad\x82Kh\xb8\xbc\xd8\xb3\xa9\xde\xb8\x01\xaa<;`\xad\x82Kh\xb8\xbc\xd8\xb3\xa9\xde\xb8\x01\xaa\xbc\xf8\x15\xc3\xdel\x80\xc3<\xb0\x99\x01)|w\xbf<\xf8\x15\xc3\xdel\x80\xc3<\xb0\x99\x01)|w\xbf\xbc\x9c\xe9\x94zU\xc9\xce<,H\xc3\xa3\xb3z\x97<\x9c\xe9\x94zU\xc9\xce<,H\xc3\xa3\xb3z\x97\xbc\x86\xe0\x82k\xf9\x84\xc8<TrH9\x19\x88\xa0<\x86\xe0\x82k\xf9\x84\xc8<TrH9\x19\x88\xa0\xbc\x82K\xe0\xe0\x03u\xb3<y\xb6\x08.#\xd1\xb5<\x82K\xe0\xe0\x03u\xb3<y\xb6\x08.#\xd1\xb5\xbc\x07M\xe5@M\xf9^<\x00\x00\x00\x00\x00\x00\x00\x00\xa1\xbcR\x0b\xaa\xdb\xb9<F\x8c\xbe\xb5^\x1d\xb2<\xa1\xbcR\x0b\xaa\xdb\xb9<F\x8c\xbe\xb5^\x1d\xb2\xbc.\x1b\xdf\\G\x8f\xac<\xaf\x8dV/\xcdQ\x99<.\x1b\xdf\\G\x8f\xac<\xaf\x8dV/\xcdQ\x99\xbc\x00\x00\x00\x00\x00\x00\xf8\x7f\x00\x00\x00\x00\x00\x00\x00\x00'",complex128,b'\x1a\x04\x00\x00\x00\x00\x00\x00\x1d\x00\x00\x00\x00\x00\x00\x00\x00\x00\x00\x00\x00\x00\x00\x00\x18\x00\x00\x00\x00\x00\x00\x00\x05\x00\x00\x00\x00\x00\x00\x00\x13\x04\x00\x00\x00\x00\x00\x00\x00\x00\x00\x00\x00\x00\x00\x00\x00\x00\x00\x00\x00\x00\x00\x00\x02\x00\x00\x00\x00\x00\x00\x00\x02\x00\x00\x00\x00\x00\x00\x00\xa0\x00\x00\x00\x00\x00\x00\x00\x00\x00\x00\x00\x00\x00\x00\x00\t\x00\x00\x00\x00\x00\x00\x00\x06\x00\x00\x00\x00\x00\x00\x00\x00\x00\x00\x00\x00\x00\x00\x00\x8e\x01\x00\x00\x00\x00\x00\x00',b'\xfd\x03\x00\x00\x00\x00\x00\x00(\x00\x00\x00\x00\x00\x00\x00\x05\x00\x00\x00\x00\x00\x00\x00$\x00\x00\x00\x00\x00\x00\x00\x0c\x00\x00\x00\x00\x00\x00\x00\r\x04\x00\x00\x00\x00\x00\x00\x00\x00\x00\x00\x00\x00\x00\x00\x00\x00\x00\x00\x00\x00\x00\x00\x06\x00\x00\x00\x00\x00\x00\x00\x01\x00\x00\x00\x00\x00\x00\x00\x9d\x00\x00\x00\x00\x00\x00\x00\x00\x00\x00\x00\x00\x00\x00\x00\x0b\x00\x00\x00\x00\x00\x00\x00\x03\x00\x00\x00\x00\x00\x00\x00\x00\x00\x00\x00\x00\x00\x00\x00\x8f\x01\x00\x00\x00\x00\x00\x00'
